1 0 0 0 0 0 0 0 0 0 0 0 0 0 0 0 0 0 0 0 0 0 0 0 0 0 0 0 0 0 0 0 0 0 0 0 0 0 0 0 0 0 0 0 0 0 0 0 0 0 0 0 0 0 0 0 0 0 0 0 0 0 0 0 0 0 0 0 0 0 0 0 0 0 0 0 0 0 0 1 
1 1 0 0 0 0 0 0 0 0 0 0 0 0 0 0 0 0 0 0 0 0 0 0 0 0 0 0 0 0 0 0 0 0 0 0 0 0 0 0 0 0 0 0 0 0 0 0 0 0 0 0 0 0 0 0 0 0 0 0 0 0 0 0 0 0 0 0 0 0 0 0 0 0 0 0 0 0 0 0 
0 1 1 0 0 0 0 0 0 0 0 0 0 0 0 0 0 0 0 0 0 0 0 0 0 0 0 0 0 0 0 0 0 0 0 0 0 0 0 0 0 0 0 0 0 0 0 0 0 0 0 0 0 0 0 0 0 0 0 0 0 0 0 0 0 0 0 0 0 0 0 0 0 0 0 0 0 0 0 0 
0 0 1 1 0 0 0 0 0 0 0 0 0 0 0 0 0 0 0 0 0 0 0 0 0 0 0 0 0 0 0 0 0 0 0 0 0 0 0 0 0 0 0 0 0 0 0 0 0 0 0 0 0 0 0 0 0 0 0 0 0 0 0 0 0 0 0 0 0 0 0 0 0 0 0 0 0 0 0 0 
0 0 0 1 1 0 0 0 0 0 0 0 0 0 0 0 0 0 0 0 0 0 0 0 0 0 0 0 0 0 0 0 0 0 0 0 0 0 0 0 0 0 0 0 0 0 0 0 0 0 0 0 0 0 0 0 0 0 0 0 0 0 0 0 0 0 0 0 0 0 0 0 0 0 0 0 0 0 0 0 
0 0 0 0 1 1 0 0 0 0 0 0 0 0 0 0 0 0 0 0 0 0 0 0 0 0 0 0 0 0 0 0 0 0 0 0 0 0 0 0 0 0 0 0 0 0 0 0 0 0 0 0 0 0 0 0 0 0 0 0 0 0 0 0 0 0 0 0 0 0 0 0 0 0 0 0 0 0 0 0 
0 0 0 0 0 1 1 0 0 0 0 0 0 0 0 0 0 0 0 0 0 0 0 0 0 0 0 0 0 0 0 0 0 0 0 0 0 0 0 0 0 0 0 0 0 0 0 0 0 0 0 0 0 0 0 0 0 0 0 0 0 0 0 0 0 0 0 0 0 0 0 0 0 0 0 0 0 0 0 0 
0 0 0 0 0 0 1 1 0 0 0 0 0 0 0 0 0 0 0 0 0 0 0 0 0 0 0 0 0 0 0 0 0 0 0 0 0 0 0 0 0 0 0 0 0 0 0 0 0 0 0 0 0 0 0 0 0 0 0 0 0 0 0 0 0 0 0 0 0 0 0 0 0 0 0 0 0 0 0 0 
0 0 0 0 0 0 0 1 1 0 0 0 0 0 0 0 0 0 0 0 0 0 0 0 0 0 0 0 0 0 0 0 0 0 0 0 0 0 0 0 0 0 0 0 0 0 0 0 0 0 0 0 0 0 0 0 0 0 0 0 0 0 0 0 0 0 0 0 0 0 0 0 0 0 0 0 0 0 0 0 
0 0 0 0 0 0 0 0 1 1 0 0 0 0 0 0 0 0 0 0 0 0 0 0 0 0 0 0 0 0 0 0 0 0 0 0 0 0 0 0 0 0 0 0 0 0 0 0 0 0 0 0 0 0 0 0 0 0 0 0 0 0 0 0 0 0 0 0 0 0 0 0 0 0 0 0 0 0 0 0 
0 0 0 0 0 0 0 0 0 1 1 0 0 0 0 0 0 0 0 0 0 0 0 0 0 0 0 0 0 0 0 0 0 0 0 0 0 0 0 0 0 0 0 0 0 0 0 0 0 0 0 0 0 0 0 0 0 0 0 0 0 0 0 0 0 0 0 0 0 0 0 0 0 0 0 0 0 0 0 0 
0 0 0 0 0 0 0 0 0 0 1 1 0 0 0 0 0 0 0 0 0 0 0 0 0 0 0 0 0 0 0 0 0 0 0 0 0 0 0 0 0 0 0 0 0 0 0 0 0 0 0 0 0 0 0 0 0 0 0 0 0 0 0 0 0 0 0 0 0 0 0 0 0 0 0 0 0 0 0 0 
0 0 0 0 0 0 0 0 0 0 0 1 1 0 0 0 0 0 0 0 0 0 0 0 0 0 0 0 0 0 0 0 0 0 0 0 0 0 0 0 0 0 0 0 0 0 0 0 0 0 0 0 0 0 0 0 0 0 0 0 0 0 0 0 0 0 0 0 0 0 0 0 0 0 0 0 0 0 0 0 
0 0 0 0 0 0 0 0 0 0 0 0 1 1 0 0 0 0 0 0 0 0 0 0 0 0 0 0 0 0 0 0 0 0 0 0 0 0 0 0 0 0 0 0 0 0 0 0 0 0 0 0 0 0 0 0 0 0 0 0 0 0 0 0 0 0 0 0 0 0 0 0 0 0 0 0 0 0 0 0 
0 0 0 0 0 0 0 0 0 0 0 0 0 1 1 0 0 0 0 0 0 0 0 0 0 0 0 0 0 0 0 0 0 0 0 0 0 0 0 0 0 0 0 0 0 0 0 0 0 0 0 0 0 0 0 0 0 0 0 0 0 0 0 0 0 0 0 0 0 0 0 0 0 0 0 0 0 0 0 0 
0 0 0 0 0 0 0 0 0 0 0 0 0 0 1 1 0 0 0 0 0 0 0 0 0 0 0 0 0 0 0 0 0 0 0 0 0 0 0 0 0 0 0 0 0 0 0 0 0 0 0 0 0 0 0 0 0 0 0 0 0 0 0 0 0 0 0 0 0 0 0 0 0 0 0 0 0 0 0 0 
0 0 0 0 0 0 0 0 0 0 0 0 0 0 0 1 1 0 0 0 0 0 0 0 0 0 0 0 0 0 0 0 0 0 0 0 0 0 0 0 0 0 0 0 0 0 0 0 0 0 0 0 0 0 0 0 0 0 0 0 0 0 0 0 0 0 0 0 0 0 0 0 0 0 0 0 0 0 0 0 
0 0 0 0 0 0 0 0 0 0 0 0 0 0 0 0 1 1 0 0 0 0 0 0 0 0 0 0 0 0 0 0 0 0 0 0 0 0 0 0 0 0 0 0 0 0 0 0 0 0 0 0 0 0 0 0 0 0 0 0 0 0 0 0 0 0 0 0 0 0 0 0 0 0 0 0 0 0 0 0 
0 0 0 0 0 0 0 0 0 0 0 0 0 0 0 0 0 1 1 0 0 0 0 0 0 0 0 0 0 0 0 0 0 0 0 0 0 0 0 0 0 0 0 0 0 0 0 0 0 0 0 0 0 0 0 0 0 0 0 0 0 0 0 0 0 0 0 0 0 0 0 0 0 0 0 0 0 0 0 0 
0 0 0 0 0 0 0 0 0 0 0 0 0 0 0 0 0 0 1 1 0 0 0 0 0 0 0 0 0 0 0 0 0 0 0 0 0 0 0 0 0 0 0 0 0 0 0 0 0 0 0 0 0 0 0 0 0 0 0 0 0 0 0 0 0 0 0 0 0 0 0 0 0 0 0 0 0 0 0 0 
0 0 0 0 0 0 0 0 0 0 0 0 0 0 0 0 0 0 0 1 1 0 0 0 0 0 0 0 0 0 0 0 0 0 0 0 0 0 0 0 0 0 0 0 0 0 0 0 0 0 0 0 0 0 0 0 0 0 0 0 0 0 0 0 0 0 0 0 0 0 0 0 0 0 0 0 0 0 0 0 
0 0 0 0 0 0 0 0 0 0 0 0 0 0 0 0 0 0 0 0 1 1 0 0 0 0 0 0 0 0 0 0 0 0 0 0 0 0 0 0 0 0 0 0 0 0 0 0 0 0 0 0 0 0 0 0 0 0 0 0 0 0 0 0 0 0 0 0 0 0 0 0 0 0 0 0 0 0 0 0 
0 0 0 0 0 0 0 0 0 0 0 0 0 0 0 0 0 0 0 0 0 1 1 0 0 0 0 0 0 0 0 0 0 0 0 0 0 0 0 0 0 0 0 0 0 0 0 0 0 0 0 0 0 0 0 0 0 0 0 0 0 0 0 0 0 0 0 0 0 0 0 0 0 0 0 0 0 0 0 0 
0 0 0 0 0 0 0 0 0 0 0 0 0 0 0 0 0 0 0 0 0 0 1 1 0 0 0 0 0 0 0 0 0 0 0 0 0 0 0 0 0 0 0 0 0 0 0 0 0 0 0 0 0 0 0 0 0 0 0 0 0 0 0 0 0 0 0 0 0 0 0 0 0 0 0 0 0 0 0 0 
0 0 0 0 0 0 0 0 0 0 0 0 0 0 0 0 0 0 0 0 0 0 0 1 1 0 0 0 0 0 0 0 0 0 0 0 0 0 0 0 0 0 0 0 0 0 0 0 0 0 0 0 0 0 0 0 0 0 0 0 0 0 0 0 0 0 0 0 0 0 0 0 0 0 0 0 0 0 0 0 
0 0 0 0 0 0 0 0 0 0 0 0 0 0 0 0 0 0 0 0 0 0 0 0 1 1 0 0 0 0 0 0 0 0 0 0 0 0 0 0 0 0 0 0 0 0 0 0 0 0 0 0 0 0 0 0 0 0 0 0 0 0 0 0 0 0 0 0 0 0 0 0 0 0 0 0 0 0 0 0 
0 0 0 0 0 0 0 0 0 0 0 0 0 0 0 0 0 0 0 0 0 0 0 0 0 1 1 0 0 0 0 0 0 0 0 0 0 0 0 0 0 0 0 0 0 0 0 0 0 0 0 0 0 0 0 0 0 0 0 0 0 0 0 0 0 0 0 0 0 0 0 0 0 0 0 0 0 0 0 0 
0 0 0 0 0 0 0 0 0 0 0 0 0 0 0 0 0 0 0 0 0 0 0 0 0 0 1 1 0 0 0 0 0 0 0 0 0 0 0 0 0 0 0 0 0 0 0 0 0 0 0 0 0 0 0 0 0 0 0 0 0 0 0 0 0 0 0 0 0 0 0 0 0 0 0 0 0 0 0 0 
0 0 0 0 0 0 0 0 0 0 0 0 0 0 0 0 0 0 0 0 0 0 0 0 0 0 0 1 1 0 0 0 0 0 0 0 0 0 0 0 0 0 0 0 0 0 0 0 0 0 0 0 0 0 0 0 0 0 0 0 0 0 0 0 0 0 0 0 0 0 0 0 0 0 0 0 0 0 0 0 
0 0 0 0 0 0 0 0 0 0 0 0 0 0 0 0 0 0 0 0 0 0 0 0 0 0 0 0 1 1 0 0 0 0 0 0 0 0 0 0 0 0 0 0 0 0 0 0 0 0 0 0 0 0 0 0 0 0 0 0 0 0 0 0 0 0 0 0 0 0 0 0 0 0 0 0 0 0 0 0 
0 0 0 0 0 0 0 0 0 0 0 0 0 0 0 0 0 0 0 0 0 0 0 0 0 0 0 0 0 1 1 0 0 0 0 0 0 0 0 0 0 0 0 0 0 0 0 0 0 0 0 0 0 0 0 0 0 0 0 0 0 0 0 0 0 0 0 0 0 0 0 0 0 0 0 0 0 0 0 0 
0 0 0 0 0 0 0 0 0 0 0 0 0 0 0 0 0 0 0 0 0 0 0 0 0 0 0 0 0 0 1 1 0 0 0 0 0 0 0 0 0 0 0 0 0 0 0 0 0 0 0 0 0 0 0 0 0 0 0 0 0 0 0 0 0 0 0 0 0 0 0 0 0 0 0 0 0 0 0 0 
0 0 0 0 0 0 0 0 0 0 0 0 0 0 0 0 0 0 0 0 0 0 0 0 0 0 0 0 0 0 0 1 1 0 0 0 0 0 0 0 0 0 0 0 0 0 0 0 0 0 0 0 0 0 0 0 0 0 0 0 0 0 0 0 0 0 0 0 0 0 0 0 0 0 0 0 0 0 0 0 
0 0 0 0 0 0 0 0 0 0 0 0 0 0 0 0 0 0 0 0 0 0 0 0 0 0 0 0 0 0 0 0 1 1 0 0 0 0 0 0 0 0 0 0 0 0 0 0 0 0 0 0 0 0 0 0 0 0 0 0 0 0 0 0 0 0 0 0 0 0 0 0 0 0 0 0 0 0 0 0 
0 0 0 0 0 0 0 0 0 0 0 0 0 0 0 0 0 0 0 0 0 0 0 0 0 0 0 0 0 0 0 0 0 1 1 0 0 0 0 0 0 0 0 0 0 0 0 0 0 0 0 0 0 0 0 0 0 0 0 0 0 0 0 0 0 0 0 0 0 0 0 0 0 0 0 0 0 0 0 0 
0 0 0 0 0 0 0 0 0 0 0 0 0 0 0 0 0 0 0 0 0 0 0 0 0 0 0 0 0 0 0 0 0 0 1 1 0 0 0 0 0 0 0 0 0 0 0 0 0 0 0 0 0 0 0 0 0 0 0 0 0 0 0 0 0 0 0 0 0 0 0 0 0 0 0 0 0 0 0 0 
0 0 0 0 0 0 0 0 0 0 0 0 0 0 0 0 0 0 0 0 0 0 0 0 0 0 0 0 0 0 0 0 0 0 0 1 1 0 0 0 0 0 0 0 0 0 0 0 0 0 0 0 0 0 0 0 0 0 0 0 0 0 0 0 0 0 0 0 0 0 0 0 0 0 0 0 0 0 0 0 
0 0 0 0 0 0 0 0 0 0 0 0 0 0 0 0 0 0 0 0 0 0 0 0 0 0 0 0 0 0 0 0 0 0 0 0 1 1 0 0 0 0 0 0 0 0 0 0 0 0 0 0 0 0 0 0 0 0 0 0 0 0 0 0 0 0 0 0 0 0 0 0 0 0 0 0 0 0 0 0 
0 0 0 0 0 0 0 0 0 0 0 0 0 0 0 0 0 0 0 0 0 0 0 0 0 0 0 0 0 0 0 0 0 0 0 0 0 1 1 0 0 0 0 0 0 0 0 0 0 0 0 0 0 0 0 0 0 0 0 0 0 0 0 0 0 0 0 0 0 0 0 0 0 0 0 0 0 0 0 0 
0 0 0 0 0 0 0 0 0 0 0 0 0 0 0 0 0 0 0 0 0 0 0 0 0 0 0 0 0 0 0 0 0 0 0 0 0 0 1 1 0 0 0 0 0 0 0 0 0 0 0 0 0 0 0 0 0 0 0 0 0 0 0 0 0 0 0 0 0 0 0 0 0 0 0 0 0 0 0 0 
0 0 0 0 0 0 0 0 0 0 0 0 0 0 0 0 0 0 0 0 0 0 0 0 0 0 0 0 0 0 0 0 0 0 0 0 0 0 0 1 1 0 0 0 0 0 0 0 0 0 0 0 0 0 0 0 0 0 0 0 0 0 0 0 0 0 0 0 0 0 0 0 0 0 0 0 0 0 0 0 
0 0 0 0 0 0 0 0 0 0 0 0 0 0 0 0 0 0 0 0 0 0 0 0 0 0 0 0 0 0 0 0 0 0 0 0 0 0 0 0 1 1 0 0 0 0 0 0 0 0 0 0 0 0 0 0 0 0 0 0 0 0 0 0 0 0 0 0 0 0 0 0 0 0 0 0 0 0 0 0 
0 0 0 0 0 0 0 0 0 0 0 0 0 0 0 0 0 0 0 0 0 0 0 0 0 0 0 0 0 0 0 0 0 0 0 0 0 0 0 0 0 1 1 0 0 0 0 0 0 0 0 0 0 0 0 0 0 0 0 0 0 0 0 0 0 0 0 0 0 0 0 0 0 0 0 0 0 0 0 0 
0 0 0 0 0 0 0 0 0 0 0 0 0 0 0 0 0 0 0 0 0 0 0 0 0 0 0 0 0 0 0 0 0 0 0 0 0 0 0 0 0 0 1 1 0 0 0 0 0 0 0 0 0 0 0 0 0 0 0 0 0 0 0 0 0 0 0 0 0 0 0 0 0 0 0 0 0 0 0 0 
0 0 0 0 0 0 0 0 0 0 0 0 0 0 0 0 0 0 0 0 0 0 0 0 0 0 0 0 0 0 0 0 0 0 0 0 0 0 0 0 0 0 0 1 1 0 0 0 0 0 0 0 0 0 0 0 0 0 0 0 0 0 0 0 0 0 0 0 0 0 0 0 0 0 0 0 0 0 0 0 
0 0 0 0 0 0 0 0 0 0 0 0 0 0 0 0 0 0 0 0 0 0 0 0 0 0 0 0 0 0 0 0 0 0 0 0 0 0 0 0 0 0 0 0 1 1 0 0 0 0 0 0 0 0 0 0 0 0 0 0 0 0 0 0 0 0 0 0 0 0 0 0 0 0 0 0 0 0 0 0 
0 0 0 0 0 0 0 0 0 0 0 0 0 0 0 0 0 0 0 0 0 0 0 0 0 0 0 0 0 0 0 0 0 0 0 0 0 0 0 0 0 0 0 0 0 1 1 0 0 0 0 0 0 0 0 0 0 0 0 0 0 0 0 0 0 0 0 0 0 0 0 0 0 0 0 0 0 0 0 0 
0 0 0 0 0 0 0 0 0 0 0 0 0 0 0 0 0 0 0 0 0 0 0 0 0 0 0 0 0 0 0 0 0 0 0 0 0 0 0 0 0 0 0 0 0 0 1 1 0 0 0 0 0 0 0 0 0 0 0 0 0 0 0 0 0 0 0 0 0 0 0 0 0 0 0 0 0 0 0 0 
0 0 0 0 0 0 0 0 0 0 0 0 0 0 0 0 0 0 0 0 0 0 0 0 0 0 0 0 0 0 0 0 0 0 0 0 0 0 0 0 0 0 0 0 0 0 0 1 1 0 0 0 0 0 0 0 0 0 0 0 0 0 0 0 0 0 0 0 0 0 0 0 0 0 0 0 0 0 0 0 
0 0 0 0 0 0 0 0 0 0 0 0 0 0 0 0 0 0 0 0 0 0 0 0 0 0 0 0 0 0 0 0 0 0 0 0 0 0 0 0 0 0 0 0 0 0 0 0 1 1 0 0 0 0 0 0 0 0 0 0 0 0 0 0 0 0 0 0 0 0 0 0 0 0 0 0 0 0 0 0 
0 0 0 0 0 0 0 0 0 0 0 0 0 0 0 0 0 0 0 0 0 0 0 0 0 0 0 0 0 0 0 0 0 0 0 0 0 0 0 0 0 0 0 0 0 0 0 0 0 1 1 0 0 0 0 0 0 0 0 0 0 0 0 0 0 0 0 0 0 0 0 0 0 0 0 0 0 0 0 0 
0 0 0 0 0 0 0 0 0 0 0 0 0 0 0 0 0 0 0 0 0 0 0 0 0 0 0 0 0 0 0 0 0 0 0 0 0 0 0 0 0 0 0 0 0 0 0 0 0 0 1 1 0 0 0 0 0 0 0 0 0 0 0 0 0 0 0 0 0 0 0 0 0 0 0 0 0 0 0 0 
0 0 0 0 0 0 0 0 0 0 0 0 0 0 0 0 0 0 0 0 0 0 0 0 0 0 0 0 0 0 0 0 0 0 0 0 0 0 0 0 0 0 0 0 0 0 0 0 0 0 0 1 1 0 0 0 0 0 0 0 0 0 0 0 0 0 0 0 0 0 0 0 0 0 0 0 0 0 0 0 
0 0 0 0 0 0 0 0 0 0 0 0 0 0 0 0 0 0 0 0 0 0 0 0 0 0 0 0 0 0 0 0 0 0 0 0 0 0 0 0 0 0 0 0 0 0 0 0 0 0 0 0 1 1 0 0 0 0 0 0 0 0 0 0 0 0 0 0 0 0 0 0 0 0 0 0 0 0 0 0 
0 0 0 0 0 0 0 0 0 0 0 0 0 0 0 0 0 0 0 0 0 0 0 0 0 0 0 0 0 0 0 0 0 0 0 0 0 0 0 0 0 0 0 0 0 0 0 0 0 0 0 0 0 1 1 0 0 0 0 0 0 0 0 0 0 0 0 0 0 0 0 0 0 0 0 0 0 0 0 0 
0 0 0 0 0 0 0 0 0 0 0 0 0 0 0 0 0 0 0 0 0 0 0 0 0 0 0 0 0 0 0 0 0 0 0 0 0 0 0 0 0 0 0 0 0 0 0 0 0 0 0 0 0 0 1 1 0 0 0 0 0 0 0 0 0 0 0 0 0 0 0 0 0 0 0 0 0 0 0 0 
0 0 0 0 0 0 0 0 0 0 0 0 0 0 0 0 0 0 0 0 0 0 0 0 0 0 0 0 0 0 0 0 0 0 0 0 0 0 0 0 0 0 0 0 0 0 0 0 0 0 0 0 0 0 0 1 1 0 0 0 0 0 0 0 0 0 0 0 0 0 0 0 0 0 0 0 0 0 0 0 
0 0 0 0 0 0 0 0 0 0 0 0 0 0 0 0 0 0 0 0 0 0 0 0 0 0 0 0 0 0 0 0 0 0 0 0 0 0 0 0 0 0 0 0 0 0 0 0 0 0 0 0 0 0 0 0 1 1 0 0 0 0 0 0 0 0 0 0 0 0 0 0 0 0 0 0 0 0 0 0 
0 0 0 0 0 0 0 0 0 0 0 0 0 0 0 0 0 0 0 0 0 0 0 0 0 0 0 0 0 0 0 0 0 0 0 0 0 0 0 0 0 0 0 0 0 0 0 0 0 0 0 0 0 0 0 0 0 1 1 0 0 0 0 0 0 0 0 0 0 0 0 0 0 0 0 0 0 0 0 0 
0 0 0 0 0 0 0 0 0 0 0 0 0 0 0 0 0 0 0 0 0 0 0 0 0 0 0 0 0 0 0 0 0 0 0 0 0 0 0 0 0 0 0 0 0 0 0 0 0 0 0 0 0 0 0 0 0 0 1 1 0 0 0 0 0 0 0 0 0 0 0 0 0 0 0 0 0 0 0 0 
0 0 0 0 0 0 0 0 0 0 0 0 0 0 0 0 0 0 0 0 0 0 0 0 0 0 0 0 0 0 0 0 0 0 0 0 0 0 0 0 0 0 0 0 0 0 0 0 0 0 0 0 0 0 0 0 0 0 0 1 1 0 0 0 0 0 0 0 0 0 0 0 0 0 0 0 0 0 0 0 
0 0 0 0 0 0 0 0 0 0 0 0 0 0 0 0 0 0 0 0 0 0 0 0 0 0 0 0 0 0 0 0 0 0 0 0 0 0 0 0 0 0 0 0 0 0 0 0 0 0 0 0 0 0 0 0 0 0 0 0 1 1 0 0 0 0 0 0 0 0 0 0 0 0 0 0 0 0 0 0 
0 0 0 0 0 0 0 0 0 0 0 0 0 0 0 0 0 0 0 0 0 0 0 0 0 0 0 0 0 0 0 0 0 0 0 0 0 0 0 0 0 0 0 0 0 0 0 0 0 0 0 0 0 0 0 0 0 0 0 0 0 1 1 0 0 0 0 0 0 0 0 0 0 0 0 0 0 0 0 0 
0 0 0 0 0 0 0 0 0 0 0 0 0 0 0 0 0 0 0 0 0 0 0 0 0 0 0 0 0 0 0 0 0 0 0 0 0 0 0 0 0 0 0 0 0 0 0 0 0 0 0 0 0 0 0 0 0 0 0 0 0 0 1 1 0 0 0 0 0 0 0 0 0 0 0 0 0 0 0 0 
0 0 0 0 0 0 0 0 0 0 0 0 0 0 0 0 0 0 0 0 0 0 0 0 0 0 0 0 0 0 0 0 0 0 0 0 0 0 0 0 0 0 0 0 0 0 0 0 0 0 0 0 0 0 0 0 0 0 0 0 0 0 0 1 1 0 0 0 0 0 0 0 0 0 0 0 0 0 0 0 
0 0 0 0 0 0 0 0 0 0 0 0 0 0 0 0 0 0 0 0 0 0 0 0 0 0 0 0 0 0 0 0 0 0 0 0 0 0 0 0 0 0 0 0 0 0 0 0 0 0 0 0 0 0 0 0 0 0 0 0 0 0 0 0 1 1 0 0 0 0 0 0 0 0 0 0 0 0 0 0 
0 0 0 0 0 0 0 0 0 0 0 0 0 0 0 0 0 0 0 0 0 0 0 0 0 0 0 0 0 0 0 0 0 0 0 0 0 0 0 0 0 0 0 0 0 0 0 0 0 0 0 0 0 0 0 0 0 0 0 0 0 0 0 0 0 1 1 0 0 0 0 0 0 0 0 0 0 0 0 0 
0 0 0 0 0 0 0 0 0 0 0 0 0 0 0 0 0 0 0 0 0 0 0 0 0 0 0 0 0 0 0 0 0 0 0 0 0 0 0 0 0 0 0 0 0 0 0 0 0 0 0 0 0 0 0 0 0 0 0 0 0 0 0 0 0 0 1 1 0 0 0 0 0 0 0 0 0 0 0 0 
0 0 0 0 0 0 0 0 0 0 0 0 0 0 0 0 0 0 0 0 0 0 0 0 0 0 0 0 0 0 0 0 0 0 0 0 0 0 0 0 0 0 0 0 0 0 0 0 0 0 0 0 0 0 0 0 0 0 0 0 0 0 0 0 0 0 0 1 1 0 0 0 0 0 0 0 0 0 0 0 
0 0 0 0 0 0 0 0 0 0 0 0 0 0 0 0 0 0 0 0 0 0 0 0 0 0 0 0 0 0 0 0 0 0 0 0 0 0 0 0 0 0 0 0 0 0 0 0 0 0 0 0 0 0 0 0 0 0 0 0 0 0 0 0 0 0 0 0 1 1 0 0 0 0 0 0 0 0 0 0 
0 0 0 0 0 0 0 0 0 0 0 0 0 0 0 0 0 0 0 0 0 0 0 0 0 0 0 0 0 0 0 0 0 0 0 0 0 0 0 0 0 0 0 0 0 0 0 0 0 0 0 0 0 0 0 0 0 0 0 0 0 0 0 0 0 0 0 0 0 1 1 0 0 0 0 0 0 0 0 0 
0 0 0 0 0 0 0 0 0 0 0 0 0 0 0 0 0 0 0 0 0 0 0 0 0 0 0 0 0 0 0 0 0 0 0 0 0 0 0 0 0 0 0 0 0 0 0 0 0 0 0 0 0 0 0 0 0 0 0 0 0 0 0 0 0 0 0 0 0 0 1 1 0 0 0 0 0 0 0 0 
0 0 0 0 0 0 0 0 0 0 0 0 0 0 0 0 0 0 0 0 0 0 0 0 0 0 0 0 0 0 0 0 0 0 0 0 0 0 0 0 0 0 0 0 0 0 0 0 0 0 0 0 0 0 0 0 0 0 0 0 0 0 0 0 0 0 0 0 0 0 0 1 1 0 0 0 0 0 0 0 
0 0 0 0 0 0 0 0 0 0 0 0 0 0 0 0 0 0 0 0 0 0 0 0 0 0 0 0 0 0 0 0 0 0 0 0 0 0 0 0 0 0 0 0 0 0 0 0 0 0 0 0 0 0 0 0 0 0 0 0 0 0 0 0 0 0 0 0 0 0 0 0 1 1 0 0 0 0 0 0 
0 0 0 0 0 0 0 0 0 0 0 0 0 0 0 0 0 0 0 0 0 0 0 0 0 0 0 0 0 0 0 0 0 0 0 0 0 0 0 0 0 0 0 0 0 0 0 0 0 0 0 0 0 0 0 0 0 0 0 0 0 0 0 0 0 0 0 0 0 0 0 0 0 1 1 0 0 0 0 0 
0 0 0 0 0 0 0 0 0 0 0 0 0 0 0 0 0 0 0 0 0 0 0 0 0 0 0 0 0 0 0 0 0 0 0 0 0 0 0 0 0 0 0 0 0 0 0 0 0 0 0 0 0 0 0 0 0 0 0 0 0 0 0 0 0 0 0 0 0 0 0 0 0 0 1 1 0 0 0 0 
0 0 0 0 0 0 0 0 0 0 0 0 0 0 0 0 0 0 0 0 0 0 0 0 0 0 0 0 0 0 0 0 0 0 0 0 0 0 0 0 0 0 0 0 0 0 0 0 0 0 0 0 0 0 0 0 0 0 0 0 0 0 0 0 0 0 0 0 0 0 0 0 0 0 0 1 1 0 0 0 
0 0 0 0 0 0 0 0 0 0 0 0 0 0 0 0 0 0 0 0 0 0 0 0 0 0 0 0 0 0 0 0 0 0 0 0 0 0 0 0 0 0 0 0 0 0 0 0 0 0 0 0 0 0 0 0 0 0 0 0 0 0 0 0 0 0 0 0 0 0 0 0 0 0 0 0 1 1 0 0 
0 0 0 0 0 0 0 0 0 0 0 0 0 0 0 0 0 0 0 0 0 0 0 0 0 0 0 0 0 0 0 0 0 0 0 0 0 0 0 0 0 0 0 0 0 0 0 0 0 0 0 0 0 0 0 0 0 0 0 0 0 0 0 0 0 0 0 0 0 0 0 0 0 0 0 0 0 1 1 0 
0 0 0 0 0 0 0 0 0 0 0 0 0 0 0 0 0 0 0 0 0 0 0 0 0 0 0 0 0 0 0 0 0 0 0 0 0 0 0 0 0 0 0 0 0 0 0 0 0 0 0 0 0 0 0 0 0 0 0 0 0 0 0 0 0 0 0 0 0 0 0 0 0 0 0 0 0 0 1 1 
23 25 37 100 100 95 72 14 49 84 2 81 7 61 41 73 93 57 69 28 43 16 79 94 8 96 32 12 88 8 71 84 39 30 72 63 29 94 40 53 20 93 15 19 39 44 75 8 74 73 27 67 32 11 39 29 70 11 29 87 3 27 99 52 8 29 32 89 94 13 7 46 61 42 93 70 67 44 31 52 
79 76 96 3 55 76 67 52 19 60 24 18 73 37 70 42 5 13 62 94 85 53 10 42 52 19 91 18 80 62 72 70 22 23 71 40 29 8 54 82 19 39 25 41 100 52 67 77 30 85 61 5 20 30 13 49 44 82 92 13 21 89 19 34 94 11 35 56 16 53 63 12 40 63 48 88 71 85 64 14 
89 85 25 99 11 67 52 71 47 57 47 51 29 75 86 83 68 60 30 11 82 83 31 48 42 20 61 11 42 93 74 99 82 35 48 11 93 59 99 33 85 37 84 87 44 17 45 35 100 23 84 92 23 96 38 20 77 3 47 53 76 20 42 92 33 47 26 59 68 64 67 16 41 15 25 89 78 82 68 71 
26 16 26 40 28 82 8 41 24 89 24 25 58 69 67 78 37 52 52 32 21 94 13 27 57 65 36 69 0 53 88 1 14 35 36 35 93 46 88 90 30 22 58 96 75 43 94 17 2 29 18 88 68 17 21 44 77 56 97 65 27 37 29 31 61 23 94 38 22 70 62 64 100 65 34 87 86 47 89 75 
11 69 96 48 46 0 4 83 48 86 23 4 71 25 80 30 86 0 39 93 98 79 21 65 42 100 32 43 22 76 84 88 44 66 87 29 87 95 23 84 28 49 80 86 5 70 91 42 100 24 12 52 28 88 66 45 3 91 47 7 92 30 62 7 23 32 54 48 73 45 71 63 57 29 83 5 15 36 87 39 
60 0 87 100 16 71 40 75 39 26 59 9 31 85 30 8 3 27 46 25 89 12 94 57 30 29 69 85 92 52 88 88 17 52 62 14 78 58 54 97 31 71 72 65 96 32 14 95 29 65 77 21 46 51 26 56 67 41 80 64 46 15 22 10 33 40 4 60 95 86 58 39 60 19 77 55 17 92 5 1 
28 18 3 25 0 26 86 72 52 87 30 73 10 40 20 52 34 7 80 47 81 13 55 98 83 82 81 99 70 62 52 7 53 84 67 31 3 53 41 81 1 86 59 25 43 25 70 98 0 72 20 57 10 87 49 8 17 59 8 2 0 48 19 0 84 45 64 84 15 46 54 11 5 84 75 70 68 72 56 97 
39 9 57 31 50 60 10 66 88 82 68 47 79 52 81 97 27 67 29 15 100 94 4 88 28 67 40 84 3 82 40 2 70 96 66 7 38 61 96 65 9 54 34 4 6 64 48 4 34 92 20 24 22 70 46 65 49 14 45 53 8 80 5 17 72 53 30 54 100 34 43 68 43 63 58 88 40 46 4 97 
35 67 23 41 1 38 43 69 70 46 81 2 67 14 58 9 55 57 98 65 47 92 17 67 80 42 44 94 2 82 63 2 40 38 46 96 54 60 59 15 62 30 10 11 25 21 31 51 80 66 66 80 0 56 8 27 20 66 46 11 91 72 65 53 78 34 4 75 25 2 30 32 39 0 54 77 74 4 61 61 
1 4 34 51 30 80 10 17 12 19 52 80 28 56 3 91 93 41 20 35 16 1 61 48 48 66 40 90 57 52 80 17 73 1 32 69 81 64 100 17 97 13 8 73 94 77 77 29 10 22 40 70 21 18 93 69 66 60 58 46 81 45 21 89 26 9 0 46 10 80 25 29 2 17 29 37 16 14 60 47 
19 71 79 75 3 55 64 53 37 75 59 17 58 61 89 67 96 43 89 74 62 97 7 67 90 15 99 19 17 97 63 53 14 95 17 53 76 96 22 5 20 76 14 9 100 69 22 37 66 97 61 69 76 69 12 29 0 88 74 1 49 81 70 28 20 52 18 27 95 0 85 15 86 84 70 39 35 77 77 21 
13 6 17 78 55 23 9 40 25 51 21 51 36 81 46 99 69 17 93 93 56 82 44 74 40 85 30 48 5 47 53 37 88 56 32 51 34 77 81 11 73 5 75 43 65 56 26 87 17 92 49 25 55 97 46 37 74 6 75 29 50 72 82 37 12 33 28 92 7 75 72 31 58 43 83 42 65 30 18 45 
30 84 26 16 8 13 98 50 35 10 0 64 5 21 95 12 71 73 20 81 9 38 25 64 70 66 6 43 22 99 45 7 57 93 80 69 32 4 73 79 9 35 60 38 22 16 3 70 63 82 92 16 60 33 34 63 49 28 36 58 63 56 11 20 69 34 72 1 1 98 95 35 37 23 42 20 33 25 91 72 
48 6 48 79 55 56 80 19 5 70 96 19 65 26 93 75 5 61 77 20 85 90 42 83 51 15 56 78 30 25 27 9 1 12 94 16 99 9 4 72 42 25 48 57 49 27 79 69 32 58 24 30 94 71 33 63 4 12 78 18 24 22 85 66 4 81 3 17 45 34 78 12 42 55 81 75 88 45 71 46 
61 98 96 71 13 72 87 41 86 35 33 23 54 35 24 74 89 94 13 84 82 93 89 97 23 46 21 25 37 91 20 76 88 15 35 22 24 46 61 8 58 35 89 58 59 69 31 2 59 65 60 25 41 79 31 48 62 1 52 48 41 92 76 0 50 57 16 81 43 64 90 55 83 25 8 39 72 73 29 56 
79 72 31 57 20 19 33 48 54 59 57 47 57 58 80 57 36 11 35 50 16 41 13 92 69 45 42 68 57 93 39 70 55 93 47 34 78 89 5 28 86 18 48 63 34 52 34 33 38 94 53 30 10 74 98 88 1 9 36 82 58 70 19 51 52 21 81 12 80 19 66 46 71 67 29 66 63 24 99 52 
94 64 52 42 78 96 27 47 85 93 4 97 88 79 62 86 100 28 9 95 78 99 26 94 85 40 37 62 58 29 14 43 36 99 97 27 78 72 55 52 95 34 73 63 96 86 26 4 100 54 15 49 55 22 74 12 38 79 80 84 77 55 5 2 8 98 87 98 27 4 28 17 71 8 86 55 2 7 20 40 
0 56 25 37 42 87 31 37 29 57 42 47 35 77 54 28 93 37 35 5 56 38 25 12 95 0 81 30 68 21 72 79 93 100 87 62 12 75 6 16 22 21 43 22 8 18 100 66 34 66 26 36 12 100 57 17 99 29 89 38 82 78 57 68 0 9 33 69 86 68 1 65 57 96 44 65 14 92 38 29 
38 62 88 96 54 81 11 55 1 0 91 83 4 57 4 60 77 45 73 94 79 55 49 72 3 60 73 49 47 90 80 58 87 41 63 50 31 63 10 33 77 21 75 19 40 99 88 82 36 8 61 8 99 6 18 3 26 97 29 26 60 20 43 9 12 53 5 80 66 10 16 21 25 14 44 84 48 88 48 63 
59 34 56 25 7 85 65 77 6 0 71 72 99 1 56 97 71 35 9 57 30 59 95 31 20 8 99 86 90 45 88 20 16 42 85 79 30 1 27 40 45 93 14 95 51 23 3 31 53 13 36 51 38 49 17 92 72 46 69 53 91 78 2 50 22 17 3 80 17 76 77 30 32 54 93 71 91 100 96 25 
44 6 89 19 82 25 48 31 94 86 97 52 33 33 61 46 1 66 52 86 81 21 33 58 24 97 36 38 53 52 86 82 96 31 60 35 38 0 24 40 3 83 68 6 74 50 8 30 2 31 76 19 83 86 86 98 96 91 33 54 59 89 78 6 88 24 57 37 100 99 98 27 79 76 3 41 59 44 51 26 
3 92 55 14 57 35 67 59 39 70 60 65 85 16 0 68 33 63 18 18 63 36 29 79 32 16 87 85 79 30 57 58 63 15 32 92 58 98 15 84 8 14 86 51 88 91 26 12 5 2 15 7 98 27 14 2 69 70 4 23 77 0 97 37 42 58 74 59 93 93 23 58 82 63 99 78 85 74 85 92 
42 59 52 11 53 35 4 10 64 88 61 39 77 6 15 82 89 73 66 11 8 78 69 92 30 5 35 38 18 80 23 37 37 10 98 7 52 69 28 93 77 5 57 18 64 85 56 38 42 85 64 60 25 40 20 52 85 23 30 16 16 53 39 80 55 87 5 5 16 21 15 64 86 47 41 47 42 28 90 17 
59 37 79 20 52 77 76 12 12 34 90 10 42 47 60 43 16 75 79 80 61 30 15 25 14 21 16 12 38 41 75 38 93 23 49 28 48 44 19 59 38 24 46 93 28 23 40 16 35 95 60 30 58 22 39 20 3 30 74 12 41 22 76 52 58 21 37 27 4 45 7 50 47 39 59 57 62 73 82 0 
78 48 1 27 7 8 81 74 37 35 31 43 75 78 68 11 60 87 20 99 11 3 64 15 41 47 58 44 94 39 13 20 47 86 83 1 99 30 83 57 50 82 67 77 86 51 34 56 93 66 10 66 13 23 1 53 1 42 82 27 91 63 85 63 51 35 34 80 71 65 66 58 47 34 37 55 12 15 53 51 
83 25 35 49 38 7 29 99 32 95 100 56 94 5 77 0 99 31 87 84 27 42 63 2 57 6 19 92 37 76 52 25 95 83 35 13 14 44 35 11 50 40 88 81 68 100 96 78 92 20 100 54 38 14 79 58 31 53 69 98 7 90 57 90 76 40 85 70 82 39 8 93 40 57 86 2 50 62 47 7 
54 13 58 54 100 44 37 6 45 0 60 100 17 53 75 44 76 84 96 10 73 54 65 33 77 90 11 5 67 45 15 69 80 67 41 61 38 15 76 35 13 60 61 84 70 68 66 81 66 44 48 13 45 65 57 74 52 5 79 48 74 48 75 56 66 74 79 40 84 6 48 41 4 70 48 37 70 52 66 6 
87 64 12 92 96 84 3 30 83 63 27 17 22 22 91 19 61 21 6 50 62 86 89 33 95 23 17 65 16 23 88 26 10 2 44 64 24 4 59 74 82 73 32 4 3 69 41 88 85 62 57 22 95 5 55 46 92 40 56 26 11 16 57 78 82 4 14 16 57 18 40 82 65 95 99 74 66 13 87 44 
26 37 27 62 29 59 32 39 60 62 10 43 77 32 22 51 76 92 55 21 42 76 51 53 58 60 42 69 39 21 47 1 31 91 38 63 11 13 70 6 24 23 24 65 82 28 39 13 54 86 13 38 46 80 98 21 29 17 20 46 99 44 35 75 99 42 15 31 83 68 65 99 67 86 48 0 27 30 18 12 
23 64 28 95 13 45 79 67 46 41 3 30 75 0 8 58 63 68 67 35 30 10 77 42 15 28 27 86 26 93 55 4 14 10 5 14 55 7 35 89 96 94 19 70 79 85 93 90 67 56 52 47 41 56 44 34 50 10 15 37 8 75 72 63 96 38 83 24 41 40 41 77 45 38 83 29 5 64 27 12 
3 67 12 43 31 32 89 22 89 67 82 37 23 2 68 95 84 32 42 68 13 55 12 33 92 41 87 36 37 50 100 25 92 76 91 89 49 73 6 90 66 42 64 10 33 90 15 48 48 27 1 98 93 12 66 78 19 2 55 92 15 17 28 22 52 33 45 27 77 16 46 98 24 43 24 56 100 36 7 24 
98 1 61 73 5 20 67 14 51 82 16 79 4 87 74 48 18 83 53 90 68 83 49 98 87 4 70 83 20 37 70 69 66 33 83 47 94 33 40 88 10 69 28 72 73 19 84 50 61 20 79 70 26 43 60 20 72 91 52 53 27 37 70 67 51 4 88 28 25 88 52 21 23 84 28 21 60 20 34 14 
95 50 48 94 74 14 59 43 89 88 58 77 2 67 24 6 9 13 17 63 46 78 44 66 4 52 41 62 25 58 49 2 26 2 76 38 29 2 6 44 94 68 66 28 19 96 37 49 36 41 99 17 26 6 48 53 27 76 0 88 68 30 24 22 34 41 82 92 13 43 59 33 48 89 42 72 33 16 65 7 
82 8 45 5 11 10 27 82 49 35 24 56 79 35 73 23 60 3 3 53 85 8 78 8 56 100 16 45 34 91 43 63 96 46 5 43 26 38 45 99 75 51 82 23 7 19 69 57 82 100 12 59 51 45 32 80 44 95 39 69 46 51 65 64 24 50 22 52 22 65 16 52 67 56 16 34 90 92 98 49 
24 87 17 10 82 16 52 17 80 4 70 98 53 14 18 26 54 8 25 53 4 87 16 9 95 4 64 33 32 36 51 68 3 17 58 24 12 67 20 8 77 40 100 37 54 76 90 94 44 27 80 23 85 66 70 54 57 88 94 23 29 34 1 28 67 30 44 56 17 45 26 36 55 80 25 65 14 24 31 1 
88 26 90 52 44 20 34 85 53 29 69 53 16 74 4 57 46 68 57 56 98 14 4 45 57 74 16 24 80 76 88 25 8 37 31 77 4 6 61 37 83 57 72 93 21 96 57 87 70 91 25 63 63 81 79 5 51 21 2 28 84 71 94 71 10 81 2 89 21 50 54 36 52 49 10 59 50 96 89 40 
79 15 41 40 10 82 79 10 6 56 68 31 10 87 81 29 82 64 13 9 66 6 5 35 44 9 8 93 93 11 6 81 18 38 3 5 76 13 92 81 72 39 12 3 8 89 67 87 55 41 52 32 2 90 81 90 71 48 40 97 71 76 74 83 87 31 0 4 61 20 34 45 59 69 66 7 39 67 81 86 
82 60 42 32 22 98 46 87 61 83 82 87 82 13 62 29 36 76 48 22 54 68 88 1 10 69 10 93 64 62 39 63 39 81 88 13 51 74 53 45 66 91 90 91 64 31 60 8 92 40 37 78 32 71 49 55 87 76 29 31 75 0 3 64 48 69 83 86 45 83 50 70 26 4 22 69 98 36 24 8 
23 85 27 86 50 94 78 50 75 30 98 81 30 65 91 30 72 67 82 98 99 74 26 63 79 26 67 68 34 45 23 68 3 47 89 28 29 2 95 18 61 77 28 75 49 95 95 66 9 77 18 12 5 98 52 2 76 60 81 84 78 85 90 8 15 99 52 60 82 6 9 25 18 37 29 71 9 19 57 42 
13 97 64 48 43 95 5 55 26 46 73 64 0 95 43 46 20 52 100 17 47 65 87 13 37 52 4 23 96 93 81 1 23 47 70 91 44 10 40 24 32 11 58 76 71 34 36 26 90 27 14 93 50 33 96 24 70 98 86 26 9 21 80 15 42 17 78 7 80 0 55 89 100 80 46 45 50 20 38 2 
90 19 74 94 72 19 76 66 56 61 50 87 62 1 99 42 72 66 84 45 13 89 4 96 96 48 43 86 39 9 53 63 55 6 90 53 32 2 32 76 48 36 47 100 44 7 58 65 73 7 93 75 72 17 20 34 98 33 22 85 8 71 99 97 73 46 0 47 93 45 42 83 28 93 94 36 89 11 16 99 
4 69 5 71 72 33 56 98 100 81 1 28 81 33 75 12 92 72 11 86 19 24 8 94 9 6 7 97 34 40 37 4 82 74 36 30 26 65 11 74 77 51 88 60 33 90 8 42 15 63 24 77 5 50 78 83 60 21 88 22 74 62 74 24 54 87 48 67 37 24 15 71 48 39 94 55 46 12 84 62 
35 26 99 95 81 56 75 11 34 28 76 5 13 98 39 24 66 11 46 11 14 34 42 95 0 15 99 0 99 60 64 36 53 9 87 70 44 6 85 17 80 91 60 75 75 57 8 34 67 5 80 27 65 18 25 96 65 91 10 41 93 88 65 29 14 95 65 1 26 12 59 82 19 29 21 52 30 65 12 22 
92 25 34 51 19 51 59 20 93 78 12 31 69 46 91 16 48 69 15 16 78 27 70 30 26 39 36 53 61 54 19 94 80 94 54 20 38 79 51 70 67 26 78 21 6 94 10 61 76 30 11 11 14 0 24 72 26 65 59 0 69 1 46 94 33 64 16 30 25 99 19 15 85 20 89 50 99 78 16 20 
96 28 30 34 93 58 69 96 41 75 45 66 13 68 22 61 56 7 66 12 12 95 83 28 95 16 46 56 63 82 58 42 91 24 81 11 10 31 7 64 92 24 14 93 86 70 11 60 23 48 77 63 64 52 87 87 51 1 94 26 89 13 20 45 27 43 40 94 5 16 67 44 23 55 41 55 13 2 45 56 
96 44 14 63 21 32 37 22 8 27 11 1 75 36 46 71 57 29 94 69 84 93 17 99 17 87 83 31 53 83 45 96 32 71 95 74 96 35 57 46 72 59 19 8 8 62 89 79 3 13 52 20 21 19 42 32 74 65 73 66 68 24 49 6 13 74 19 31 26 14 55 84 85 100 69 28 1 50 16 5 
79 62 14 2 32 42 90 100 82 28 49 14 31 82 74 55 61 23 2 0 26 10 33 61 72 81 9 2 42 77 30 94 0 30 99 76 45 97 38 82 38 10 100 85 77 38 24 30 66 98 58 53 43 19 69 24 59 51 37 84 47 15 66 25 77 24 57 50 0 62 4 1 86 73 2 81 1 19 82 54 
83 27 98 27 34 30 79 90 99 31 1 60 33 45 52 47 65 87 83 20 53 54 7 68 13 72 58 25 59 91 47 17 78 57 21 0 38 87 54 2 77 25 24 81 72 78 18 0 7 37 70 2 15 95 55 2 100 97 93 0 15 3 2 35 18 19 77 4 69 3 7 74 42 32 53 26 36 84 50 73 
31 36 72 55 71 40 12 32 30 78 2 51 50 49 36 85 48 97 44 99 81 8 13 38 23 33 28 95 95 63 10 67 79 93 6 55 91 11 20 64 95 89 59 38 53 30 39 17 22 16 89 69 98 55 34 35 52 45 15 32 46 62 47 6 14 16 55 32 15 96 70 72 37 18 13 79 11 8 94 50 
38 99 94 65 77 47 4 79 36 28 82 5 91 84 73 82 71 99 58 45 1 44 39 56 74 91 53 75 52 38 82 100 66 11 7 7 65 43 5 22 65 91 3 52 54 27 1 5 33 1 19 30 28 44 51 28 79 59 10 8 6 97 35 83 72 75 30 31 20 21 85 37 19 97 90 77 37 0 72 82 
36 26 84 97 60 4 0 74 84 20 52 74 25 11 94 32 20 38 87 67 44 34 58 88 75 81 68 11 75 4 78 35 73 47 72 64 84 98 47 9 82 5 96 36 20 44 83 20 84 42 33 57 66 96 50 70 69 51 0 84 67 55 5 50 25 94 29 85 93 4 93 82 16 81 94 34 14 43 15 51 
82 70 100 59 55 2 75 11 35 36 15 47 92 79 12 73 94 56 92 52 13 75 90 14 67 7 89 8 78 18 11 51 93 17 40 64 85 19 30 79 36 60 48 46 2 24 56 94 78 79 95 5 37 61 90 94 29 34 76 41 61 77 81 92 38 72 57 59 9 18 67 12 6 87 71 0 29 41 79 26 
36 81 70 35 41 65 6 18 41 78 5 11 29 99 69 52 90 99 26 29 91 63 54 47 97 40 45 82 92 91 4 31 59 1 79 10 18 86 66 56 52 75 72 82 8 19 58 0 26 27 89 79 11 14 2 39 65 42 70 2 11 56 39 43 1 6 1 20 21 64 7 97 12 100 84 55 69 66 29 84 
90 12 72 83 25 12 68 88 71 74 26 42 74 74 94 73 18 78 39 38 18 81 13 33 55 40 78 93 9 21 90 19 42 5 60 69 99 66 4 71 73 77 23 18 33 76 90 58 13 40 61 16 99 96 55 100 4 68 2 61 68 65 2 100 19 62 22 18 45 3 46 67 25 68 23 16 50 62 64 53 
51 78 41 13 53 56 1 54 29 58 63 82 21 10 37 14 4 73 3 61 0 80 96 57 8 100 93 9 19 28 22 35 21 66 5 3 59 13 58 21 76 61 78 50 32 88 28 73 33 1 75 56 68 16 40 48 63 22 2 44 22 95 91 69 57 20 90 7 80 20 24 96 28 43 50 10 53 18 53 5 
11 76 51 35 21 24 48 88 75 71 50 56 95 14 82 91 23 95 13 47 27 81 80 93 25 40 20 74 9 98 89 91 38 15 74 58 90 33 92 92 58 78 14 3 82 33 56 46 83 15 90 94 33 59 60 85 7 37 24 68 99 36 63 91 68 45 32 79 58 47 3 12 37 29 6 84 67 54 17 5 
73 4 97 86 50 93 93 41 56 77 26 31 26 2 55 56 71 64 28 77 21 20 46 7 8 17 9 27 7 12 17 87 84 37 36 28 69 87 68 34 22 77 57 28 68 81 5 4 63 97 64 90 3 8 28 94 52 5 36 8 71 90 0 83 83 29 4 91 27 57 89 15 91 12 71 20 14 19 10 49 
68 88 32 54 84 68 53 47 48 11 24 70 67 15 75 83 5 72 48 93 26 21 62 81 50 96 28 43 11 68 97 48 62 4 5 96 10 82 2 62 31 60 5 28 6 43 37 42 85 82 62 19 17 44 90 30 53 24 93 95 84 22 55 3 15 94 4 16 72 23 63 12 89 10 16 12 20 1 19 62 
37 20 63 7 88 98 57 68 6 33 15 13 77 58 53 56 58 22 3 98 12 31 78 1 96 84 74 93 73 53 41 5 66 68 64 16 75 66 67 28 6 25 100 1 77 99 77 85 13 13 31 34 12 6 19 42 10 99 63 58 1 69 60 58 64 91 45 52 99 69 50 96 9 92 27 82 7 34 52 21 
76 56 98 92 64 33 48 61 58 81 96 27 48 4 60 64 38 20 72 67 60 71 90 43 43 97 96 26 97 42 4 81 96 13 91 88 7 76 93 80 87 15 47 25 48 51 79 92 20 1 31 36 11 10 95 86 74 48 73 13 36 47 86 3 58 96 59 68 8 63 66 90 46 96 8 48 15 47 52 36 
48 6 93 5 28 48 97 20 35 5 49 64 14 88 52 86 11 34 81 42 28 53 49 14 3 83 4 32 90 42 58 48 9 74 29 58 97 38 35 59 19 87 70 56 44 97 38 30 98 18 10 40 98 71 9 18 76 38 92 21 81 33 69 25 16 97 32 0 81 89 52 32 46 67 14 86 30 51 19 76 
98 60 14 32 92 31 96 17 78 85 82 94 1 29 99 8 89 76 67 47 10 70 6 5 19 72 51 68 80 16 86 85 70 83 51 92 13 54 58 93 16 68 33 60 86 0 48 18 66 47 52 26 46 86 70 62 48 84 1 78 19 97 34 14 86 95 14 35 24 36 25 78 61 65 100 1 94 20 56 78 
56 34 23 76 25 59 44 91 60 2 59 48 23 7 12 31 72 0 96 36 52 21 68 39 22 87 79 76 96 24 100 83 43 41 89 65 32 89 68 90 54 27 9 26 35 64 96 78 96 74 82 27 25 33 28 51 66 34 14 93 68 29 66 32 98 83 24 59 26 35 95 66 23 45 8 100 43 46 78 83 
38 78 75 47 69 46 45 85 33 55 28 5 93 45 7 48 9 63 30 62 45 15 93 3 22 50 75 37 59 52 78 10 17 100 62 85 77 56 53 45 60 30 47 50 60 54 81 55 77 86 15 89 29 81 6 59 35 16 90 34 21 18 60 98 56 84 35 91 29 10 1 77 2 50 48 37 22 79 71 18 
42 45 52 76 47 59 37 50 20 96 38 51 55 50 39 52 48 17 65 87 18 12 63 100 92 4 97 71 52 79 50 42 25 88 56 56 11 40 52 90 25 92 22 68 75 93 69 29 25 89 19 16 52 48 75 13 74 29 56 10 10 85 6 34 100 84 1 28 61 89 28 11 30 18 90 94 67 5 99 66 
36 96 62 72 16 71 44 47 94 22 45 64 96 31 55 38 46 58 71 15 8 64 16 100 66 14 8 52 86 67 80 11 14 88 22 43 89 44 7 47 75 34 23 2 45 50 13 21 55 4 42 13 37 22 31 22 93 15 37 10 57 20 87 74 69 98 60 53 65 56 35 75 72 12 90 71 28 64 47 19 
2 35 53 2 9 0 75 30 69 15 71 39 86 96 79 58 68 76 70 6 13 12 22 6 36 21 87 62 6 93 49 75 63 44 91 28 40 13 76 82 77 77 34 68 47 44 78 34 48 31 70 50 47 69 35 33 23 44 25 13 53 7 5 35 67 98 24 62 36 2 47 1 98 50 4 45 36 9 35 95 
36 35 14 85 37 25 19 55 77 36 4 37 48 6 15 75 86 6 88 68 72 37 65 25 48 94 92 29 40 82 20 100 77 78 59 57 21 48 37 44 67 88 81 28 90 70 97 5 51 50 1 24 5 38 61 40 35 13 70 53 83 54 66 24 12 63 25 44 63 3 44 77 81 39 23 28 57 93 57 64 
48 45 9 42 84 40 7 3 48 75 60 28 29 11 37 16 44 71 94 57 38 90 37 16 90 8 98 47 9 6 63 5 76 61 32 22 67 65 19 2 75 30 76 84 31 43 33 74 31 5 64 9 56 19 34 72 58 54 31 0 83 73 37 23 67 77 72 75 53 54 8 38 7 5 21 63 50 42 77 59 
84 55 11 55 64 94 30 100 82 61 69 99 30 48 76 82 54 73 59 76 52 15 71 29 12 11 51 3 83 96 62 67 46 13 60 9 14 54 37 70 12 76 59 61 74 70 11 98 98 100 31 62 98 47 3 71 49 65 45 28 11 27 90 23 58 35 43 40 18 19 90 51 26 42 31 81 21 49 9 69 
53 83 49 94 9 90 20 73 77 17 75 32 21 94 63 83 86 27 67 38 38 87 39 49 17 9 88 32 46 25 81 41 14 19 11 80 35 31 72 43 56 0 54 47 52 28 57 4 65 71 40 96 2 56 57 13 24 13 70 60 20 32 17 72 84 18 19 81 47 28 97 51 54 43 49 87 74 51 10 43 
37 52 12 9 39 63 84 9 33 52 58 41 39 2 95 67 79 43 52 33 39 98 56 48 94 78 91 94 88 28 78 20 11 26 8 34 16 2 100 86 92 53 43 74 86 78 68 36 77 2 97 98 9 71 100 1 34 71 14 86 74 50 32 63 68 53 44 14 64 42 69 0 97 94 21 94 64 43 100 57 
18 98 97 91 56 83 32 99 75 8 74 57 65 41 78 52 15 45 64 34 21 88 25 40 14 54 86 11 18 69 79 91 60 71 91 61 74 50 88 29 64 98 19 63 83 16 92 5 5 3 30 80 39 72 77 39 36 15 42 99 49 48 39 83 43 1 44 36 4 16 3 65 46 62 70 72 40 89 85 72 
39 46 24 97 62 40 61 83 34 45 73 0 66 71 42 30 1 26 18 60 64 9 16 97 1 66 22 74 88 29 94 12 63 75 84 78 12 36 14 80 20 33 65 87 0 70 40 63 27 9 50 92 64 57 58 20 20 41 23 67 66 95 17 57 42 13 65 42 65 99 70 7 29 84 93 80 99 79 25 33 
32 30 91 65 98 40 12 90 15 77 46 92 38 45 80 97 91 65 10 72 89 74 62 40 49 49 58 27 26 91 92 12 52 7 100 4 52 0 79 66 11 70 33 53 82 53 34 28 6 2 69 47 22 47 17 77 8 77 43 89 58 85 33 84 44 20 60 18 44 48 14 84 54 42 20 89 87 2 45 30 
51 9 23 2 85 100 66 58 37 18 19 62 60 97 96 36 54 40 78 58 12 46 100 8 47 46 61 58 74 19 20 99 89 79 52 83 88 26 43 96 43 88 83 11 37 35 77 76 55 17 73 20 2 24 71 100 41 81 63 53 12 79 14 6 84 62 12 49 41 47 10 10 90 59 26 3 76 97 33 78 
38 45 30 60 83 80 81 20 98 12 79 34 33 15 94 92 40 84 80 63 49 70 12 62 61 28 75 51 78 73 64 61 3 70 82 0 7 84 25 20 83 39 52 93 85 34 53 64 78 36 67 61 83 71 84 74 33 73 27 58 45 25 41 56 93 64 68 88 38 47 43 83 41 79 26 27 50 18 21 78 
46 42 78 61 90 98 86 93 20 72 78 6 17 24 76 85 60 11 36 59 7 27 41 30 16 41 51 87 9 87 88 84 2 38 12 100 75 5 97 16 14 12 97 48 33 16 55 29 60 81 48 6 18 60 7 99 13 35 2 30 52 96 36 12 5 34 32 30 11 36 22 52 34 38 20 69 4 47 1 43 
93 48 73 36 21 85 17 43 43 91 53 65 43 39 5 49 44 98 72 100 85 29 97 55 40 85 28 1 74 32 44 64 88 27 81 16 50 80 58 57 34 84 43 10 38 31 37 2 78 10 36 49 51 29 17 19 73 41 91 99 30 100 70 47 44 18 58 87 93 27 8 51 60 66 13 64 57 94 95 22 
78 9 59 19 25 83 0 10 98 43 70 34 48 51 57 27 79 16 100 60 12 8 51 41 12 42 61 17 34 97 24 32 25 82 87 89 31 8 52 52 70 75 33 58 38 51 86 56 16 1 4 85 88 50 78 14 63 65 94 25 64 2 23 74 53 7 52 73 87 72 88 69 56 52 59 73 17 54 40 61 
