1 0 0 0 0 0 0 0 0 0 0 0 0 0 0 0 0 0 0 0 0 0 0 0 0 0 0 0 0 0 0 0 0 0 0 0 0 0 0 0 0 0 0 0 0 0 0 0 0 1 
1 1 0 0 0 0 0 0 0 0 0 0 0 0 0 0 0 0 0 0 0 0 0 0 0 0 0 0 0 0 0 0 0 0 0 0 0 0 0 0 0 0 0 0 0 0 0 0 0 0 
0 1 1 0 0 0 0 0 0 0 0 0 0 0 0 0 0 0 0 0 0 0 0 0 0 0 0 0 0 0 0 0 0 0 0 0 0 0 0 0 0 0 0 0 0 0 0 0 0 0 
0 0 1 1 0 0 0 0 0 0 0 0 0 0 0 0 0 0 0 0 0 0 0 0 0 0 0 0 0 0 0 0 0 0 0 0 0 0 0 0 0 0 0 0 0 0 0 0 0 0 
0 0 0 1 1 0 0 0 0 0 0 0 0 0 0 0 0 0 0 0 0 0 0 0 0 0 0 0 0 0 0 0 0 0 0 0 0 0 0 0 0 0 0 0 0 0 0 0 0 0 
0 0 0 0 1 1 0 0 0 0 0 0 0 0 0 0 0 0 0 0 0 0 0 0 0 0 0 0 0 0 0 0 0 0 0 0 0 0 0 0 0 0 0 0 0 0 0 0 0 0 
0 0 0 0 0 1 1 0 0 0 0 0 0 0 0 0 0 0 0 0 0 0 0 0 0 0 0 0 0 0 0 0 0 0 0 0 0 0 0 0 0 0 0 0 0 0 0 0 0 0 
0 0 0 0 0 0 1 1 0 0 0 0 0 0 0 0 0 0 0 0 0 0 0 0 0 0 0 0 0 0 0 0 0 0 0 0 0 0 0 0 0 0 0 0 0 0 0 0 0 0 
0 0 0 0 0 0 0 1 1 0 0 0 0 0 0 0 0 0 0 0 0 0 0 0 0 0 0 0 0 0 0 0 0 0 0 0 0 0 0 0 0 0 0 0 0 0 0 0 0 0 
0 0 0 0 0 0 0 0 1 1 0 0 0 0 0 0 0 0 0 0 0 0 0 0 0 0 0 0 0 0 0 0 0 0 0 0 0 0 0 0 0 0 0 0 0 0 0 0 0 0 
0 0 0 0 0 0 0 0 0 1 1 0 0 0 0 0 0 0 0 0 0 0 0 0 0 0 0 0 0 0 0 0 0 0 0 0 0 0 0 0 0 0 0 0 0 0 0 0 0 0 
0 0 0 0 0 0 0 0 0 0 1 1 0 0 0 0 0 0 0 0 0 0 0 0 0 0 0 0 0 0 0 0 0 0 0 0 0 0 0 0 0 0 0 0 0 0 0 0 0 0 
0 0 0 0 0 0 0 0 0 0 0 1 1 0 0 0 0 0 0 0 0 0 0 0 0 0 0 0 0 0 0 0 0 0 0 0 0 0 0 0 0 0 0 0 0 0 0 0 0 0 
0 0 0 0 0 0 0 0 0 0 0 0 1 1 0 0 0 0 0 0 0 0 0 0 0 0 0 0 0 0 0 0 0 0 0 0 0 0 0 0 0 0 0 0 0 0 0 0 0 0 
0 0 0 0 0 0 0 0 0 0 0 0 0 1 1 0 0 0 0 0 0 0 0 0 0 0 0 0 0 0 0 0 0 0 0 0 0 0 0 0 0 0 0 0 0 0 0 0 0 0 
0 0 0 0 0 0 0 0 0 0 0 0 0 0 1 1 0 0 0 0 0 0 0 0 0 0 0 0 0 0 0 0 0 0 0 0 0 0 0 0 0 0 0 0 0 0 0 0 0 0 
0 0 0 0 0 0 0 0 0 0 0 0 0 0 0 1 1 0 0 0 0 0 0 0 0 0 0 0 0 0 0 0 0 0 0 0 0 0 0 0 0 0 0 0 0 0 0 0 0 0 
0 0 0 0 0 0 0 0 0 0 0 0 0 0 0 0 1 1 0 0 0 0 0 0 0 0 0 0 0 0 0 0 0 0 0 0 0 0 0 0 0 0 0 0 0 0 0 0 0 0 
0 0 0 0 0 0 0 0 0 0 0 0 0 0 0 0 0 1 1 0 0 0 0 0 0 0 0 0 0 0 0 0 0 0 0 0 0 0 0 0 0 0 0 0 0 0 0 0 0 0 
0 0 0 0 0 0 0 0 0 0 0 0 0 0 0 0 0 0 1 1 0 0 0 0 0 0 0 0 0 0 0 0 0 0 0 0 0 0 0 0 0 0 0 0 0 0 0 0 0 0 
0 0 0 0 0 0 0 0 0 0 0 0 0 0 0 0 0 0 0 1 1 0 0 0 0 0 0 0 0 0 0 0 0 0 0 0 0 0 0 0 0 0 0 0 0 0 0 0 0 0 
0 0 0 0 0 0 0 0 0 0 0 0 0 0 0 0 0 0 0 0 1 1 0 0 0 0 0 0 0 0 0 0 0 0 0 0 0 0 0 0 0 0 0 0 0 0 0 0 0 0 
0 0 0 0 0 0 0 0 0 0 0 0 0 0 0 0 0 0 0 0 0 1 1 0 0 0 0 0 0 0 0 0 0 0 0 0 0 0 0 0 0 0 0 0 0 0 0 0 0 0 
0 0 0 0 0 0 0 0 0 0 0 0 0 0 0 0 0 0 0 0 0 0 1 1 0 0 0 0 0 0 0 0 0 0 0 0 0 0 0 0 0 0 0 0 0 0 0 0 0 0 
0 0 0 0 0 0 0 0 0 0 0 0 0 0 0 0 0 0 0 0 0 0 0 1 1 0 0 0 0 0 0 0 0 0 0 0 0 0 0 0 0 0 0 0 0 0 0 0 0 0 
0 0 0 0 0 0 0 0 0 0 0 0 0 0 0 0 0 0 0 0 0 0 0 0 1 1 0 0 0 0 0 0 0 0 0 0 0 0 0 0 0 0 0 0 0 0 0 0 0 0 
0 0 0 0 0 0 0 0 0 0 0 0 0 0 0 0 0 0 0 0 0 0 0 0 0 1 1 0 0 0 0 0 0 0 0 0 0 0 0 0 0 0 0 0 0 0 0 0 0 0 
0 0 0 0 0 0 0 0 0 0 0 0 0 0 0 0 0 0 0 0 0 0 0 0 0 0 1 1 0 0 0 0 0 0 0 0 0 0 0 0 0 0 0 0 0 0 0 0 0 0 
0 0 0 0 0 0 0 0 0 0 0 0 0 0 0 0 0 0 0 0 0 0 0 0 0 0 0 1 1 0 0 0 0 0 0 0 0 0 0 0 0 0 0 0 0 0 0 0 0 0 
0 0 0 0 0 0 0 0 0 0 0 0 0 0 0 0 0 0 0 0 0 0 0 0 0 0 0 0 1 1 0 0 0 0 0 0 0 0 0 0 0 0 0 0 0 0 0 0 0 0 
0 0 0 0 0 0 0 0 0 0 0 0 0 0 0 0 0 0 0 0 0 0 0 0 0 0 0 0 0 1 1 0 0 0 0 0 0 0 0 0 0 0 0 0 0 0 0 0 0 0 
0 0 0 0 0 0 0 0 0 0 0 0 0 0 0 0 0 0 0 0 0 0 0 0 0 0 0 0 0 0 1 1 0 0 0 0 0 0 0 0 0 0 0 0 0 0 0 0 0 0 
0 0 0 0 0 0 0 0 0 0 0 0 0 0 0 0 0 0 0 0 0 0 0 0 0 0 0 0 0 0 0 1 1 0 0 0 0 0 0 0 0 0 0 0 0 0 0 0 0 0 
0 0 0 0 0 0 0 0 0 0 0 0 0 0 0 0 0 0 0 0 0 0 0 0 0 0 0 0 0 0 0 0 1 1 0 0 0 0 0 0 0 0 0 0 0 0 0 0 0 0 
0 0 0 0 0 0 0 0 0 0 0 0 0 0 0 0 0 0 0 0 0 0 0 0 0 0 0 0 0 0 0 0 0 1 1 0 0 0 0 0 0 0 0 0 0 0 0 0 0 0 
0 0 0 0 0 0 0 0 0 0 0 0 0 0 0 0 0 0 0 0 0 0 0 0 0 0 0 0 0 0 0 0 0 0 1 1 0 0 0 0 0 0 0 0 0 0 0 0 0 0 
0 0 0 0 0 0 0 0 0 0 0 0 0 0 0 0 0 0 0 0 0 0 0 0 0 0 0 0 0 0 0 0 0 0 0 1 1 0 0 0 0 0 0 0 0 0 0 0 0 0 
0 0 0 0 0 0 0 0 0 0 0 0 0 0 0 0 0 0 0 0 0 0 0 0 0 0 0 0 0 0 0 0 0 0 0 0 1 1 0 0 0 0 0 0 0 0 0 0 0 0 
0 0 0 0 0 0 0 0 0 0 0 0 0 0 0 0 0 0 0 0 0 0 0 0 0 0 0 0 0 0 0 0 0 0 0 0 0 1 1 0 0 0 0 0 0 0 0 0 0 0 
0 0 0 0 0 0 0 0 0 0 0 0 0 0 0 0 0 0 0 0 0 0 0 0 0 0 0 0 0 0 0 0 0 0 0 0 0 0 1 1 0 0 0 0 0 0 0 0 0 0 
0 0 0 0 0 0 0 0 0 0 0 0 0 0 0 0 0 0 0 0 0 0 0 0 0 0 0 0 0 0 0 0 0 0 0 0 0 0 0 1 1 0 0 0 0 0 0 0 0 0 
0 0 0 0 0 0 0 0 0 0 0 0 0 0 0 0 0 0 0 0 0 0 0 0 0 0 0 0 0 0 0 0 0 0 0 0 0 0 0 0 1 1 0 0 0 0 0 0 0 0 
0 0 0 0 0 0 0 0 0 0 0 0 0 0 0 0 0 0 0 0 0 0 0 0 0 0 0 0 0 0 0 0 0 0 0 0 0 0 0 0 0 1 1 0 0 0 0 0 0 0 
0 0 0 0 0 0 0 0 0 0 0 0 0 0 0 0 0 0 0 0 0 0 0 0 0 0 0 0 0 0 0 0 0 0 0 0 0 0 0 0 0 0 1 1 0 0 0 0 0 0 
0 0 0 0 0 0 0 0 0 0 0 0 0 0 0 0 0 0 0 0 0 0 0 0 0 0 0 0 0 0 0 0 0 0 0 0 0 0 0 0 0 0 0 1 1 0 0 0 0 0 
0 0 0 0 0 0 0 0 0 0 0 0 0 0 0 0 0 0 0 0 0 0 0 0 0 0 0 0 0 0 0 0 0 0 0 0 0 0 0 0 0 0 0 0 1 1 0 0 0 0 
0 0 0 0 0 0 0 0 0 0 0 0 0 0 0 0 0 0 0 0 0 0 0 0 0 0 0 0 0 0 0 0 0 0 0 0 0 0 0 0 0 0 0 0 0 1 1 0 0 0 
0 0 0 0 0 0 0 0 0 0 0 0 0 0 0 0 0 0 0 0 0 0 0 0 0 0 0 0 0 0 0 0 0 0 0 0 0 0 0 0 0 0 0 0 0 0 1 1 0 0 
0 0 0 0 0 0 0 0 0 0 0 0 0 0 0 0 0 0 0 0 0 0 0 0 0 0 0 0 0 0 0 0 0 0 0 0 0 0 0 0 0 0 0 0 0 0 0 1 1 0 
0 0 0 0 0 0 0 0 0 0 0 0 0 0 0 0 0 0 0 0 0 0 0 0 0 0 0 0 0 0 0 0 0 0 0 0 0 0 0 0 0 0 0 0 0 0 0 0 1 1 
23 25 37 100 100 95 72 14 49 84 2 81 7 61 41 73 93 57 69 28 43 16 79 94 8 96 32 12 88 8 71 84 39 30 72 63 29 94 40 53 20 93 15 19 39 44 75 8 74 73 
27 67 32 11 39 29 70 11 29 87 3 27 99 52 8 29 32 89 94 13 7 46 61 42 93 70 67 44 31 52 79 76 96 3 55 76 67 52 19 60 24 18 73 37 70 42 5 13 62 94 
85 53 10 42 52 19 91 18 80 62 72 70 22 23 71 40 29 8 54 82 19 39 25 41 100 52 67 77 30 85 61 5 20 30 13 49 44 82 92 13 21 89 19 34 94 11 35 56 16 53 
63 12 40 63 48 88 71 85 64 14 89 85 25 99 11 67 52 71 47 57 47 51 29 75 86 83 68 60 30 11 82 83 31 48 42 20 61 11 42 93 74 99 82 35 48 11 93 59 99 33 
85 37 84 87 44 17 45 35 100 23 84 92 23 96 38 20 77 3 47 53 76 20 42 92 33 47 26 59 68 64 67 16 41 15 25 89 78 82 68 71 26 16 26 40 28 82 8 41 24 89 
24 25 58 69 67 78 37 52 52 32 21 94 13 27 57 65 36 69 0 53 88 1 14 35 36 35 93 46 88 90 30 22 58 96 75 43 94 17 2 29 18 88 68 17 21 44 77 56 97 65 
27 37 29 31 61 23 94 38 22 70 62 64 100 65 34 87 86 47 89 75 11 69 96 48 46 0 4 83 48 86 23 4 71 25 80 30 86 0 39 93 98 79 21 65 42 100 32 43 22 76 
84 88 44 66 87 29 87 95 23 84 28 49 80 86 5 70 91 42 100 24 12 52 28 88 66 45 3 91 47 7 92 30 62 7 23 32 54 48 73 45 71 63 57 29 83 5 15 36 87 39 
60 0 87 100 16 71 40 75 39 26 59 9 31 85 30 8 3 27 46 25 89 12 94 57 30 29 69 85 92 52 88 88 17 52 62 14 78 58 54 97 31 71 72 65 96 32 14 95 29 65 
77 21 46 51 26 56 67 41 80 64 46 15 22 10 33 40 4 60 95 86 58 39 60 19 77 55 17 92 5 1 28 18 3 25 0 26 86 72 52 87 30 73 10 40 20 52 34 7 80 47 
81 13 55 98 83 82 81 99 70 62 52 7 53 84 67 31 3 53 41 81 1 86 59 25 43 25 70 98 0 72 20 57 10 87 49 8 17 59 8 2 0 48 19 0 84 45 64 84 15 46 
54 11 5 84 75 70 68 72 56 97 39 9 57 31 50 60 10 66 88 82 68 47 79 52 81 97 27 67 29 15 100 94 4 88 28 67 40 84 3 82 40 2 70 96 66 7 38 61 96 65 
9 54 34 4 6 64 48 4 34 92 20 24 22 70 46 65 49 14 45 53 8 80 5 17 72 53 30 54 100 34 43 68 43 63 58 88 40 46 4 97 35 67 23 41 1 38 43 69 70 46 
81 2 67 14 58 9 55 57 98 65 47 92 17 67 80 42 44 94 2 82 63 2 40 38 46 96 54 60 59 15 62 30 10 11 25 21 31 51 80 66 66 80 0 56 8 27 20 66 46 11 
91 72 65 53 78 34 4 75 25 2 30 32 39 0 54 77 74 4 61 61 1 4 34 51 30 80 10 17 12 19 52 80 28 56 3 91 93 41 20 35 16 1 61 48 48 66 40 90 57 52 
80 17 73 1 32 69 81 64 100 17 97 13 8 73 94 77 77 29 10 22 40 70 21 18 93 69 66 60 58 46 81 45 21 89 26 9 0 46 10 80 25 29 2 17 29 37 16 14 60 47 
19 71 79 75 3 55 64 53 37 75 59 17 58 61 89 67 96 43 89 74 62 97 7 67 90 15 99 19 17 97 63 53 14 95 17 53 76 96 22 5 20 76 14 9 100 69 22 37 66 97 
61 69 76 69 12 29 0 88 74 1 49 81 70 28 20 52 18 27 95 0 85 15 86 84 70 39 35 77 77 21 13 6 17 78 55 23 9 40 25 51 21 51 36 81 46 99 69 17 93 93 
56 82 44 74 40 85 30 48 5 47 53 37 88 56 32 51 34 77 81 11 73 5 75 43 65 56 26 87 17 92 49 25 55 97 46 37 74 6 75 29 50 72 82 37 12 33 28 92 7 75 
72 31 58 43 83 42 65 30 18 45 30 84 26 16 8 13 98 50 35 10 0 64 5 21 95 12 71 73 20 81 9 38 25 64 70 66 6 43 22 99 45 7 57 93 80 69 32 4 73 79 
9 35 60 38 22 16 3 70 63 82 92 16 60 33 34 63 49 28 36 58 63 56 11 20 69 34 72 1 1 98 95 35 37 23 42 20 33 25 91 72 48 6 48 79 55 56 80 19 5 70 
96 19 65 26 93 75 5 61 77 20 85 90 42 83 51 15 56 78 30 25 27 9 1 12 94 16 99 9 4 72 42 25 48 57 49 27 79 69 32 58 24 30 94 71 33 63 4 12 78 18 
24 22 85 66 4 81 3 17 45 34 78 12 42 55 81 75 88 45 71 46 61 98 96 71 13 72 87 41 86 35 33 23 54 35 24 74 89 94 13 84 82 93 89 97 23 46 21 25 37 91 
20 76 88 15 35 22 24 46 61 8 58 35 89 58 59 69 31 2 59 65 60 25 41 79 31 48 62 1 52 48 41 92 76 0 50 57 16 81 43 64 90 55 83 25 8 39 72 73 29 56 
79 72 31 57 20 19 33 48 54 59 57 47 57 58 80 57 36 11 35 50 16 41 13 92 69 45 42 68 57 93 39 70 55 93 47 34 78 89 5 28 86 18 48 63 34 52 34 33 38 94 
53 30 10 74 98 88 1 9 36 82 58 70 19 51 52 21 81 12 80 19 66 46 71 67 29 66 63 24 99 52 94 64 52 42 78 96 27 47 85 93 4 97 88 79 62 86 100 28 9 95 
78 99 26 94 85 40 37 62 58 29 14 43 36 99 97 27 78 72 55 52 95 34 73 63 96 86 26 4 100 54 15 49 55 22 74 12 38 79 80 84 77 55 5 2 8 98 87 98 27 4 
28 17 71 8 86 55 2 7 20 40 0 56 25 37 42 87 31 37 29 57 42 47 35 77 54 28 93 37 35 5 56 38 25 12 95 0 81 30 68 21 72 79 93 100 87 62 12 75 6 16 
22 21 43 22 8 18 100 66 34 66 26 36 12 100 57 17 99 29 89 38 82 78 57 68 0 9 33 69 86 68 1 65 57 96 44 65 14 92 38 29 38 62 88 96 54 81 11 55 1 0 
91 83 4 57 4 60 77 45 73 94 79 55 49 72 3 60 73 49 47 90 80 58 87 41 63 50 31 63 10 33 77 21 75 19 40 99 88 82 36 8 61 8 99 6 18 3 26 97 29 26 
60 20 43 9 12 53 5 80 66 10 16 21 25 14 44 84 48 88 48 63 59 34 56 25 7 85 65 77 6 0 71 72 99 1 56 97 71 35 9 57 30 59 95 31 20 8 99 86 90 45 
88 20 16 42 85 79 30 1 27 40 45 93 14 95 51 23 3 31 53 13 36 51 38 49 17 92 72 46 69 53 91 78 2 50 22 17 3 80 17 76 77 30 32 54 93 71 91 100 96 25 
44 6 89 19 82 25 48 31 94 86 97 52 33 33 61 46 1 66 52 86 81 21 33 58 24 97 36 38 53 52 86 82 96 31 60 35 38 0 24 40 3 83 68 6 74 50 8 30 2 31 
76 19 83 86 86 98 96 91 33 54 59 89 78 6 88 24 57 37 100 99 98 27 79 76 3 41 59 44 51 26 3 92 55 14 57 35 67 59 39 70 60 65 85 16 0 68 33 63 18 18 
63 36 29 79 32 16 87 85 79 30 57 58 63 15 32 92 58 98 15 84 8 14 86 51 88 91 26 12 5 2 15 7 98 27 14 2 69 70 4 23 77 0 97 37 42 58 74 59 93 93 
23 58 82 63 99 78 85 74 85 92 42 59 52 11 53 35 4 10 64 88 61 39 77 6 15 82 89 73 66 11 8 78 69 92 30 5 35 38 18 80 23 37 37 10 98 7 52 69 28 93 
77 5 57 18 64 85 56 38 42 85 64 60 25 40 20 52 85 23 30 16 16 53 39 80 55 87 5 5 16 21 15 64 86 47 41 47 42 28 90 17 59 37 79 20 52 77 76 12 12 34 
90 10 42 47 60 43 16 75 79 80 61 30 15 25 14 21 16 12 38 41 75 38 93 23 49 28 48 44 19 59 38 24 46 93 28 23 40 16 35 95 60 30 58 22 39 20 3 30 74 12 
41 22 76 52 58 21 37 27 4 45 7 50 47 39 59 57 62 73 82 0 78 48 1 27 7 8 81 74 37 35 31 43 75 78 68 11 60 87 20 99 11 3 64 15 41 47 58 44 94 39 
13 20 47 86 83 1 99 30 83 57 50 82 67 77 86 51 34 56 93 66 10 66 13 23 1 53 1 42 82 27 91 63 85 63 51 35 34 80 71 65 66 58 47 34 37 55 12 15 53 51 
83 25 35 49 38 7 29 99 32 95 100 56 94 5 77 0 99 31 87 84 27 42 63 2 57 6 19 92 37 76 52 25 95 83 35 13 14 44 35 11 50 40 88 81 68 100 96 78 92 20 
100 54 38 14 79 58 31 53 69 98 7 90 57 90 76 40 85 70 82 39 8 93 40 57 86 2 50 62 47 7 54 13 58 54 100 44 37 6 45 0 60 100 17 53 75 44 76 84 96 10 
73 54 65 33 77 90 11 5 67 45 15 69 80 67 41 61 38 15 76 35 13 60 61 84 70 68 66 81 66 44 48 13 45 65 57 74 52 5 79 48 74 48 75 56 66 74 79 40 84 6 
48 41 4 70 48 37 70 52 66 6 87 64 12 92 96 84 3 30 83 63 27 17 22 22 91 19 61 21 6 50 62 86 89 33 95 23 17 65 16 23 88 26 10 2 44 64 24 4 59 74 
82 73 32 4 3 69 41 88 85 62 57 22 95 5 55 46 92 40 56 26 11 16 57 78 82 4 14 16 57 18 40 82 65 95 99 74 66 13 87 44 26 37 27 62 29 59 32 39 60 62 
10 43 77 32 22 51 76 92 55 21 42 76 51 53 58 60 42 69 39 21 47 1 31 91 38 63 11 13 70 6 24 23 24 65 82 28 39 13 54 86 13 38 46 80 98 21 29 17 20 46 
99 44 35 75 99 42 15 31 83 68 65 99 67 86 48 0 27 30 18 12 23 64 28 95 13 45 79 67 46 41 3 30 75 0 8 58 63 68 67 35 30 10 77 42 15 28 27 86 26 93 
55 4 14 10 5 14 55 7 35 89 96 94 19 70 79 85 93 90 67 56 52 47 41 56 44 34 50 10 15 37 8 75 72 63 96 38 83 24 41 40 41 77 45 38 83 29 5 64 27 12 
3 67 12 43 31 32 89 22 89 67 82 37 23 2 68 95 84 32 42 68 13 55 12 33 92 41 87 36 37 50 100 25 92 76 91 89 49 73 6 90 66 42 64 10 33 90 15 48 48 27 
1 98 93 12 66 78 19 2 55 92 15 17 28 22 52 33 45 27 77 16 46 98 24 43 24 56 100 36 7 24 98 1 61 73 5 20 67 14 51 82 16 79 4 87 74 48 18 83 53 90 
