1 0 0 0 0 0 0 0 0 0 0 0 0 0 0 0 0 0 0 0 0 0 0 0 0 0 0 0 0 0 0 0 0 0 1 
1 1 0 0 0 0 0 0 0 0 0 0 0 0 0 0 0 0 0 0 0 0 0 0 0 0 0 0 0 0 0 0 0 0 0 
0 1 1 0 0 0 0 0 0 0 0 0 0 0 0 0 0 0 0 0 0 0 0 0 0 0 0 0 0 0 0 0 0 0 0 
0 0 1 1 0 0 0 0 0 0 0 0 0 0 0 0 0 0 0 0 0 0 0 0 0 0 0 0 0 0 0 0 0 0 0 
0 0 0 1 1 0 0 0 0 0 0 0 0 0 0 0 0 0 0 0 0 0 0 0 0 0 0 0 0 0 0 0 0 0 0 
0 0 0 0 1 1 0 0 0 0 0 0 0 0 0 0 0 0 0 0 0 0 0 0 0 0 0 0 0 0 0 0 0 0 0 
0 0 0 0 0 1 1 0 0 0 0 0 0 0 0 0 0 0 0 0 0 0 0 0 0 0 0 0 0 0 0 0 0 0 0 
0 0 0 0 0 0 1 1 0 0 0 0 0 0 0 0 0 0 0 0 0 0 0 0 0 0 0 0 0 0 0 0 0 0 0 
0 0 0 0 0 0 0 1 1 0 0 0 0 0 0 0 0 0 0 0 0 0 0 0 0 0 0 0 0 0 0 0 0 0 0 
0 0 0 0 0 0 0 0 1 1 0 0 0 0 0 0 0 0 0 0 0 0 0 0 0 0 0 0 0 0 0 0 0 0 0 
0 0 0 0 0 0 0 0 0 1 1 0 0 0 0 0 0 0 0 0 0 0 0 0 0 0 0 0 0 0 0 0 0 0 0 
0 0 0 0 0 0 0 0 0 0 1 1 0 0 0 0 0 0 0 0 0 0 0 0 0 0 0 0 0 0 0 0 0 0 0 
0 0 0 0 0 0 0 0 0 0 0 1 1 0 0 0 0 0 0 0 0 0 0 0 0 0 0 0 0 0 0 0 0 0 0 
0 0 0 0 0 0 0 0 0 0 0 0 1 1 0 0 0 0 0 0 0 0 0 0 0 0 0 0 0 0 0 0 0 0 0 
0 0 0 0 0 0 0 0 0 0 0 0 0 1 1 0 0 0 0 0 0 0 0 0 0 0 0 0 0 0 0 0 0 0 0 
0 0 0 0 0 0 0 0 0 0 0 0 0 0 1 1 0 0 0 0 0 0 0 0 0 0 0 0 0 0 0 0 0 0 0 
0 0 0 0 0 0 0 0 0 0 0 0 0 0 0 1 1 0 0 0 0 0 0 0 0 0 0 0 0 0 0 0 0 0 0 
0 0 0 0 0 0 0 0 0 0 0 0 0 0 0 0 1 1 0 0 0 0 0 0 0 0 0 0 0 0 0 0 0 0 0 
0 0 0 0 0 0 0 0 0 0 0 0 0 0 0 0 0 1 1 0 0 0 0 0 0 0 0 0 0 0 0 0 0 0 0 
0 0 0 0 0 0 0 0 0 0 0 0 0 0 0 0 0 0 1 1 0 0 0 0 0 0 0 0 0 0 0 0 0 0 0 
0 0 0 0 0 0 0 0 0 0 0 0 0 0 0 0 0 0 0 1 1 0 0 0 0 0 0 0 0 0 0 0 0 0 0 
0 0 0 0 0 0 0 0 0 0 0 0 0 0 0 0 0 0 0 0 1 1 0 0 0 0 0 0 0 0 0 0 0 0 0 
0 0 0 0 0 0 0 0 0 0 0 0 0 0 0 0 0 0 0 0 0 1 1 0 0 0 0 0 0 0 0 0 0 0 0 
0 0 0 0 0 0 0 0 0 0 0 0 0 0 0 0 0 0 0 0 0 0 1 1 0 0 0 0 0 0 0 0 0 0 0 
0 0 0 0 0 0 0 0 0 0 0 0 0 0 0 0 0 0 0 0 0 0 0 1 1 0 0 0 0 0 0 0 0 0 0 
0 0 0 0 0 0 0 0 0 0 0 0 0 0 0 0 0 0 0 0 0 0 0 0 1 1 0 0 0 0 0 0 0 0 0 
0 0 0 0 0 0 0 0 0 0 0 0 0 0 0 0 0 0 0 0 0 0 0 0 0 1 1 0 0 0 0 0 0 0 0 
0 0 0 0 0 0 0 0 0 0 0 0 0 0 0 0 0 0 0 0 0 0 0 0 0 0 1 1 0 0 0 0 0 0 0 
0 0 0 0 0 0 0 0 0 0 0 0 0 0 0 0 0 0 0 0 0 0 0 0 0 0 0 1 1 0 0 0 0 0 0 
0 0 0 0 0 0 0 0 0 0 0 0 0 0 0 0 0 0 0 0 0 0 0 0 0 0 0 0 1 1 0 0 0 0 0 
0 0 0 0 0 0 0 0 0 0 0 0 0 0 0 0 0 0 0 0 0 0 0 0 0 0 0 0 0 1 1 0 0 0 0 
0 0 0 0 0 0 0 0 0 0 0 0 0 0 0 0 0 0 0 0 0 0 0 0 0 0 0 0 0 0 1 1 0 0 0 
0 0 0 0 0 0 0 0 0 0 0 0 0 0 0 0 0 0 0 0 0 0 0 0 0 0 0 0 0 0 0 1 1 0 0 
0 0 0 0 0 0 0 0 0 0 0 0 0 0 0 0 0 0 0 0 0 0 0 0 0 0 0 0 0 0 0 0 1 1 0 
0 0 0 0 0 0 0 0 0 0 0 0 0 0 0 0 0 0 0 0 0 0 0 0 0 0 0 0 0 0 0 0 0 1 1 
23 25 37 100 100 95 72 14 49 84 2 81 7 61 41 73 93 57 69 28 43 16 79 94 8 96 32 12 88 8 71 84 39 30 72 
63 29 94 40 53 20 93 15 19 39 44 75 8 74 73 27 67 32 11 39 29 70 11 29 87 3 27 99 52 8 29 32 89 94 13 
7 46 61 42 93 70 67 44 31 52 79 76 96 3 55 76 67 52 19 60 24 18 73 37 70 42 5 13 62 94 85 53 10 42 52 
19 91 18 80 62 72 70 22 23 71 40 29 8 54 82 19 39 25 41 100 52 67 77 30 85 61 5 20 30 13 49 44 82 92 13 
21 89 19 34 94 11 35 56 16 53 63 12 40 63 48 88 71 85 64 14 89 85 25 99 11 67 52 71 47 57 47 51 29 75 86 
83 68 60 30 11 82 83 31 48 42 20 61 11 42 93 74 99 82 35 48 11 93 59 99 33 85 37 84 87 44 17 45 35 100 23 
84 92 23 96 38 20 77 3 47 53 76 20 42 92 33 47 26 59 68 64 67 16 41 15 25 89 78 82 68 71 26 16 26 40 28 
82 8 41 24 89 24 25 58 69 67 78 37 52 52 32 21 94 13 27 57 65 36 69 0 53 88 1 14 35 36 35 93 46 88 90 
30 22 58 96 75 43 94 17 2 29 18 88 68 17 21 44 77 56 97 65 27 37 29 31 61 23 94 38 22 70 62 64 100 65 34 
87 86 47 89 75 11 69 96 48 46 0 4 83 48 86 23 4 71 25 80 30 86 0 39 93 98 79 21 65 42 100 32 43 22 76 
84 88 44 66 87 29 87 95 23 84 28 49 80 86 5 70 91 42 100 24 12 52 28 88 66 45 3 91 47 7 92 30 62 7 23 
32 54 48 73 45 71 63 57 29 83 5 15 36 87 39 60 0 87 100 16 71 40 75 39 26 59 9 31 85 30 8 3 27 46 25 
89 12 94 57 30 29 69 85 92 52 88 88 17 52 62 14 78 58 54 97 31 71 72 65 96 32 14 95 29 65 77 21 46 51 26 
56 67 41 80 64 46 15 22 10 33 40 4 60 95 86 58 39 60 19 77 55 17 92 5 1 28 18 3 25 0 26 86 72 52 87 
30 73 10 40 20 52 34 7 80 47 81 13 55 98 83 82 81 99 70 62 52 7 53 84 67 31 3 53 41 81 1 86 59 25 43 
25 70 98 0 72 20 57 10 87 49 8 17 59 8 2 0 48 19 0 84 45 64 84 15 46 54 11 5 84 75 70 68 72 56 97 
39 9 57 31 50 60 10 66 88 82 68 47 79 52 81 97 27 67 29 15 100 94 4 88 28 67 40 84 3 82 40 2 70 96 66 
7 38 61 96 65 9 54 34 4 6 64 48 4 34 92 20 24 22 70 46 65 49 14 45 53 8 80 5 17 72 53 30 54 100 34 
43 68 43 63 58 88 40 46 4 97 35 67 23 41 1 38 43 69 70 46 81 2 67 14 58 9 55 57 98 65 47 92 17 67 80 
42 44 94 2 82 63 2 40 38 46 96 54 60 59 15 62 30 10 11 25 21 31 51 80 66 66 80 0 56 8 27 20 66 46 11 
91 72 65 53 78 34 4 75 25 2 30 32 39 0 54 77 74 4 61 61 1 4 34 51 30 80 10 17 12 19 52 80 28 56 3 
91 93 41 20 35 16 1 61 48 48 66 40 90 57 52 80 17 73 1 32 69 81 64 100 17 97 13 8 73 94 77 77 29 10 22 
40 70 21 18 93 69 66 60 58 46 81 45 21 89 26 9 0 46 10 80 25 29 2 17 29 37 16 14 60 47 19 71 79 75 3 
55 64 53 37 75 59 17 58 61 89 67 96 43 89 74 62 97 7 67 90 15 99 19 17 97 63 53 14 95 17 53 76 96 22 5 
20 76 14 9 100 69 22 37 66 97 61 69 76 69 12 29 0 88 74 1 49 81 70 28 20 52 18 27 95 0 85 15 86 84 70 
39 35 77 77 21 13 6 17 78 55 23 9 40 25 51 21 51 36 81 46 99 69 17 93 93 56 82 44 74 40 85 30 48 5 47 
53 37 88 56 32 51 34 77 81 11 73 5 75 43 65 56 26 87 17 92 49 25 55 97 46 37 74 6 75 29 50 72 82 37 12 
33 28 92 7 75 72 31 58 43 83 42 65 30 18 45 30 84 26 16 8 13 98 50 35 10 0 64 5 21 95 12 71 73 20 81 
9 38 25 64 70 66 6 43 22 99 45 7 57 93 80 69 32 4 73 79 9 35 60 38 22 16 3 70 63 82 92 16 60 33 34 
63 49 28 36 58 63 56 11 20 69 34 72 1 1 98 95 35 37 23 42 20 33 25 91 72 48 6 48 79 55 56 80 19 5 70 
96 19 65 26 93 75 5 61 77 20 85 90 42 83 51 15 56 78 30 25 27 9 1 12 94 16 99 9 4 72 42 25 48 57 49 
27 79 69 32 58 24 30 94 71 33 63 4 12 78 18 24 22 85 66 4 81 3 17 45 34 78 12 42 55 81 75 88 45 71 46 
61 98 96 71 13 72 87 41 86 35 33 23 54 35 24 74 89 94 13 84 82 93 89 97 23 46 21 25 37 91 20 76 88 15 35 
22 24 46 61 8 58 35 89 58 59 69 31 2 59 65 60 25 41 79 31 48 62 1 52 48 41 92 76 0 50 57 16 81 43 64 
90 55 83 25 8 39 72 73 29 56 79 72 31 57 20 19 33 48 54 59 57 47 57 58 80 57 36 11 35 50 16 41 13 92 69 
