1 0 0 0 0 0 0 0 0 0 0 0 0 0 0 0 0 0 0 0 0 0 0 0 0 0 0 0 0 0 0 0 0 0 0 0 0 0 0 0 0 0 0 0 0 0 0 0 0 0 0 0 0 0 0 0 0 0 0 0 0 0 0 0 0 0 0 0 0 0 0 0 0 0 0 0 0 0 0 0 0 0 0 0 0 0 0 0 0 0 0 0 0 0 0 0 0 0 0 1 
1 1 0 0 0 0 0 0 0 0 0 0 0 0 0 0 0 0 0 0 0 0 0 0 0 0 0 0 0 0 0 0 0 0 0 0 0 0 0 0 0 0 0 0 0 0 0 0 0 0 0 0 0 0 0 0 0 0 0 0 0 0 0 0 0 0 0 0 0 0 0 0 0 0 0 0 0 0 0 0 0 0 0 0 0 0 0 0 0 0 0 0 0 0 0 0 0 0 0 0 
0 1 1 0 0 0 0 0 0 0 0 0 0 0 0 0 0 0 0 0 0 0 0 0 0 0 0 0 0 0 0 0 0 0 0 0 0 0 0 0 0 0 0 0 0 0 0 0 0 0 0 0 0 0 0 0 0 0 0 0 0 0 0 0 0 0 0 0 0 0 0 0 0 0 0 0 0 0 0 0 0 0 0 0 0 0 0 0 0 0 0 0 0 0 0 0 0 0 0 0 
0 0 1 1 0 0 0 0 0 0 0 0 0 0 0 0 0 0 0 0 0 0 0 0 0 0 0 0 0 0 0 0 0 0 0 0 0 0 0 0 0 0 0 0 0 0 0 0 0 0 0 0 0 0 0 0 0 0 0 0 0 0 0 0 0 0 0 0 0 0 0 0 0 0 0 0 0 0 0 0 0 0 0 0 0 0 0 0 0 0 0 0 0 0 0 0 0 0 0 0 
0 0 0 1 1 0 0 0 0 0 0 0 0 0 0 0 0 0 0 0 0 0 0 0 0 0 0 0 0 0 0 0 0 0 0 0 0 0 0 0 0 0 0 0 0 0 0 0 0 0 0 0 0 0 0 0 0 0 0 0 0 0 0 0 0 0 0 0 0 0 0 0 0 0 0 0 0 0 0 0 0 0 0 0 0 0 0 0 0 0 0 0 0 0 0 0 0 0 0 0 
0 0 0 0 1 1 0 0 0 0 0 0 0 0 0 0 0 0 0 0 0 0 0 0 0 0 0 0 0 0 0 0 0 0 0 0 0 0 0 0 0 0 0 0 0 0 0 0 0 0 0 0 0 0 0 0 0 0 0 0 0 0 0 0 0 0 0 0 0 0 0 0 0 0 0 0 0 0 0 0 0 0 0 0 0 0 0 0 0 0 0 0 0 0 0 0 0 0 0 0 
0 0 0 0 0 1 1 0 0 0 0 0 0 0 0 0 0 0 0 0 0 0 0 0 0 0 0 0 0 0 0 0 0 0 0 0 0 0 0 0 0 0 0 0 0 0 0 0 0 0 0 0 0 0 0 0 0 0 0 0 0 0 0 0 0 0 0 0 0 0 0 0 0 0 0 0 0 0 0 0 0 0 0 0 0 0 0 0 0 0 0 0 0 0 0 0 0 0 0 0 
0 0 0 0 0 0 1 1 0 0 0 0 0 0 0 0 0 0 0 0 0 0 0 0 0 0 0 0 0 0 0 0 0 0 0 0 0 0 0 0 0 0 0 0 0 0 0 0 0 0 0 0 0 0 0 0 0 0 0 0 0 0 0 0 0 0 0 0 0 0 0 0 0 0 0 0 0 0 0 0 0 0 0 0 0 0 0 0 0 0 0 0 0 0 0 0 0 0 0 0 
0 0 0 0 0 0 0 1 1 0 0 0 0 0 0 0 0 0 0 0 0 0 0 0 0 0 0 0 0 0 0 0 0 0 0 0 0 0 0 0 0 0 0 0 0 0 0 0 0 0 0 0 0 0 0 0 0 0 0 0 0 0 0 0 0 0 0 0 0 0 0 0 0 0 0 0 0 0 0 0 0 0 0 0 0 0 0 0 0 0 0 0 0 0 0 0 0 0 0 0 
0 0 0 0 0 0 0 0 1 1 0 0 0 0 0 0 0 0 0 0 0 0 0 0 0 0 0 0 0 0 0 0 0 0 0 0 0 0 0 0 0 0 0 0 0 0 0 0 0 0 0 0 0 0 0 0 0 0 0 0 0 0 0 0 0 0 0 0 0 0 0 0 0 0 0 0 0 0 0 0 0 0 0 0 0 0 0 0 0 0 0 0 0 0 0 0 0 0 0 0 
0 0 0 0 0 0 0 0 0 1 1 0 0 0 0 0 0 0 0 0 0 0 0 0 0 0 0 0 0 0 0 0 0 0 0 0 0 0 0 0 0 0 0 0 0 0 0 0 0 0 0 0 0 0 0 0 0 0 0 0 0 0 0 0 0 0 0 0 0 0 0 0 0 0 0 0 0 0 0 0 0 0 0 0 0 0 0 0 0 0 0 0 0 0 0 0 0 0 0 0 
0 0 0 0 0 0 0 0 0 0 1 1 0 0 0 0 0 0 0 0 0 0 0 0 0 0 0 0 0 0 0 0 0 0 0 0 0 0 0 0 0 0 0 0 0 0 0 0 0 0 0 0 0 0 0 0 0 0 0 0 0 0 0 0 0 0 0 0 0 0 0 0 0 0 0 0 0 0 0 0 0 0 0 0 0 0 0 0 0 0 0 0 0 0 0 0 0 0 0 0 
0 0 0 0 0 0 0 0 0 0 0 1 1 0 0 0 0 0 0 0 0 0 0 0 0 0 0 0 0 0 0 0 0 0 0 0 0 0 0 0 0 0 0 0 0 0 0 0 0 0 0 0 0 0 0 0 0 0 0 0 0 0 0 0 0 0 0 0 0 0 0 0 0 0 0 0 0 0 0 0 0 0 0 0 0 0 0 0 0 0 0 0 0 0 0 0 0 0 0 0 
0 0 0 0 0 0 0 0 0 0 0 0 1 1 0 0 0 0 0 0 0 0 0 0 0 0 0 0 0 0 0 0 0 0 0 0 0 0 0 0 0 0 0 0 0 0 0 0 0 0 0 0 0 0 0 0 0 0 0 0 0 0 0 0 0 0 0 0 0 0 0 0 0 0 0 0 0 0 0 0 0 0 0 0 0 0 0 0 0 0 0 0 0 0 0 0 0 0 0 0 
0 0 0 0 0 0 0 0 0 0 0 0 0 1 1 0 0 0 0 0 0 0 0 0 0 0 0 0 0 0 0 0 0 0 0 0 0 0 0 0 0 0 0 0 0 0 0 0 0 0 0 0 0 0 0 0 0 0 0 0 0 0 0 0 0 0 0 0 0 0 0 0 0 0 0 0 0 0 0 0 0 0 0 0 0 0 0 0 0 0 0 0 0 0 0 0 0 0 0 0 
0 0 0 0 0 0 0 0 0 0 0 0 0 0 1 1 0 0 0 0 0 0 0 0 0 0 0 0 0 0 0 0 0 0 0 0 0 0 0 0 0 0 0 0 0 0 0 0 0 0 0 0 0 0 0 0 0 0 0 0 0 0 0 0 0 0 0 0 0 0 0 0 0 0 0 0 0 0 0 0 0 0 0 0 0 0 0 0 0 0 0 0 0 0 0 0 0 0 0 0 
0 0 0 0 0 0 0 0 0 0 0 0 0 0 0 1 1 0 0 0 0 0 0 0 0 0 0 0 0 0 0 0 0 0 0 0 0 0 0 0 0 0 0 0 0 0 0 0 0 0 0 0 0 0 0 0 0 0 0 0 0 0 0 0 0 0 0 0 0 0 0 0 0 0 0 0 0 0 0 0 0 0 0 0 0 0 0 0 0 0 0 0 0 0 0 0 0 0 0 0 
0 0 0 0 0 0 0 0 0 0 0 0 0 0 0 0 1 1 0 0 0 0 0 0 0 0 0 0 0 0 0 0 0 0 0 0 0 0 0 0 0 0 0 0 0 0 0 0 0 0 0 0 0 0 0 0 0 0 0 0 0 0 0 0 0 0 0 0 0 0 0 0 0 0 0 0 0 0 0 0 0 0 0 0 0 0 0 0 0 0 0 0 0 0 0 0 0 0 0 0 
0 0 0 0 0 0 0 0 0 0 0 0 0 0 0 0 0 1 1 0 0 0 0 0 0 0 0 0 0 0 0 0 0 0 0 0 0 0 0 0 0 0 0 0 0 0 0 0 0 0 0 0 0 0 0 0 0 0 0 0 0 0 0 0 0 0 0 0 0 0 0 0 0 0 0 0 0 0 0 0 0 0 0 0 0 0 0 0 0 0 0 0 0 0 0 0 0 0 0 0 
0 0 0 0 0 0 0 0 0 0 0 0 0 0 0 0 0 0 1 1 0 0 0 0 0 0 0 0 0 0 0 0 0 0 0 0 0 0 0 0 0 0 0 0 0 0 0 0 0 0 0 0 0 0 0 0 0 0 0 0 0 0 0 0 0 0 0 0 0 0 0 0 0 0 0 0 0 0 0 0 0 0 0 0 0 0 0 0 0 0 0 0 0 0 0 0 0 0 0 0 
0 0 0 0 0 0 0 0 0 0 0 0 0 0 0 0 0 0 0 1 1 0 0 0 0 0 0 0 0 0 0 0 0 0 0 0 0 0 0 0 0 0 0 0 0 0 0 0 0 0 0 0 0 0 0 0 0 0 0 0 0 0 0 0 0 0 0 0 0 0 0 0 0 0 0 0 0 0 0 0 0 0 0 0 0 0 0 0 0 0 0 0 0 0 0 0 0 0 0 0 
0 0 0 0 0 0 0 0 0 0 0 0 0 0 0 0 0 0 0 0 1 1 0 0 0 0 0 0 0 0 0 0 0 0 0 0 0 0 0 0 0 0 0 0 0 0 0 0 0 0 0 0 0 0 0 0 0 0 0 0 0 0 0 0 0 0 0 0 0 0 0 0 0 0 0 0 0 0 0 0 0 0 0 0 0 0 0 0 0 0 0 0 0 0 0 0 0 0 0 0 
0 0 0 0 0 0 0 0 0 0 0 0 0 0 0 0 0 0 0 0 0 1 1 0 0 0 0 0 0 0 0 0 0 0 0 0 0 0 0 0 0 0 0 0 0 0 0 0 0 0 0 0 0 0 0 0 0 0 0 0 0 0 0 0 0 0 0 0 0 0 0 0 0 0 0 0 0 0 0 0 0 0 0 0 0 0 0 0 0 0 0 0 0 0 0 0 0 0 0 0 
0 0 0 0 0 0 0 0 0 0 0 0 0 0 0 0 0 0 0 0 0 0 1 1 0 0 0 0 0 0 0 0 0 0 0 0 0 0 0 0 0 0 0 0 0 0 0 0 0 0 0 0 0 0 0 0 0 0 0 0 0 0 0 0 0 0 0 0 0 0 0 0 0 0 0 0 0 0 0 0 0 0 0 0 0 0 0 0 0 0 0 0 0 0 0 0 0 0 0 0 
0 0 0 0 0 0 0 0 0 0 0 0 0 0 0 0 0 0 0 0 0 0 0 1 1 0 0 0 0 0 0 0 0 0 0 0 0 0 0 0 0 0 0 0 0 0 0 0 0 0 0 0 0 0 0 0 0 0 0 0 0 0 0 0 0 0 0 0 0 0 0 0 0 0 0 0 0 0 0 0 0 0 0 0 0 0 0 0 0 0 0 0 0 0 0 0 0 0 0 0 
0 0 0 0 0 0 0 0 0 0 0 0 0 0 0 0 0 0 0 0 0 0 0 0 1 1 0 0 0 0 0 0 0 0 0 0 0 0 0 0 0 0 0 0 0 0 0 0 0 0 0 0 0 0 0 0 0 0 0 0 0 0 0 0 0 0 0 0 0 0 0 0 0 0 0 0 0 0 0 0 0 0 0 0 0 0 0 0 0 0 0 0 0 0 0 0 0 0 0 0 
0 0 0 0 0 0 0 0 0 0 0 0 0 0 0 0 0 0 0 0 0 0 0 0 0 1 1 0 0 0 0 0 0 0 0 0 0 0 0 0 0 0 0 0 0 0 0 0 0 0 0 0 0 0 0 0 0 0 0 0 0 0 0 0 0 0 0 0 0 0 0 0 0 0 0 0 0 0 0 0 0 0 0 0 0 0 0 0 0 0 0 0 0 0 0 0 0 0 0 0 
0 0 0 0 0 0 0 0 0 0 0 0 0 0 0 0 0 0 0 0 0 0 0 0 0 0 1 1 0 0 0 0 0 0 0 0 0 0 0 0 0 0 0 0 0 0 0 0 0 0 0 0 0 0 0 0 0 0 0 0 0 0 0 0 0 0 0 0 0 0 0 0 0 0 0 0 0 0 0 0 0 0 0 0 0 0 0 0 0 0 0 0 0 0 0 0 0 0 0 0 
0 0 0 0 0 0 0 0 0 0 0 0 0 0 0 0 0 0 0 0 0 0 0 0 0 0 0 1 1 0 0 0 0 0 0 0 0 0 0 0 0 0 0 0 0 0 0 0 0 0 0 0 0 0 0 0 0 0 0 0 0 0 0 0 0 0 0 0 0 0 0 0 0 0 0 0 0 0 0 0 0 0 0 0 0 0 0 0 0 0 0 0 0 0 0 0 0 0 0 0 
0 0 0 0 0 0 0 0 0 0 0 0 0 0 0 0 0 0 0 0 0 0 0 0 0 0 0 0 1 1 0 0 0 0 0 0 0 0 0 0 0 0 0 0 0 0 0 0 0 0 0 0 0 0 0 0 0 0 0 0 0 0 0 0 0 0 0 0 0 0 0 0 0 0 0 0 0 0 0 0 0 0 0 0 0 0 0 0 0 0 0 0 0 0 0 0 0 0 0 0 
0 0 0 0 0 0 0 0 0 0 0 0 0 0 0 0 0 0 0 0 0 0 0 0 0 0 0 0 0 1 1 0 0 0 0 0 0 0 0 0 0 0 0 0 0 0 0 0 0 0 0 0 0 0 0 0 0 0 0 0 0 0 0 0 0 0 0 0 0 0 0 0 0 0 0 0 0 0 0 0 0 0 0 0 0 0 0 0 0 0 0 0 0 0 0 0 0 0 0 0 
0 0 0 0 0 0 0 0 0 0 0 0 0 0 0 0 0 0 0 0 0 0 0 0 0 0 0 0 0 0 1 1 0 0 0 0 0 0 0 0 0 0 0 0 0 0 0 0 0 0 0 0 0 0 0 0 0 0 0 0 0 0 0 0 0 0 0 0 0 0 0 0 0 0 0 0 0 0 0 0 0 0 0 0 0 0 0 0 0 0 0 0 0 0 0 0 0 0 0 0 
0 0 0 0 0 0 0 0 0 0 0 0 0 0 0 0 0 0 0 0 0 0 0 0 0 0 0 0 0 0 0 1 1 0 0 0 0 0 0 0 0 0 0 0 0 0 0 0 0 0 0 0 0 0 0 0 0 0 0 0 0 0 0 0 0 0 0 0 0 0 0 0 0 0 0 0 0 0 0 0 0 0 0 0 0 0 0 0 0 0 0 0 0 0 0 0 0 0 0 0 
0 0 0 0 0 0 0 0 0 0 0 0 0 0 0 0 0 0 0 0 0 0 0 0 0 0 0 0 0 0 0 0 1 1 0 0 0 0 0 0 0 0 0 0 0 0 0 0 0 0 0 0 0 0 0 0 0 0 0 0 0 0 0 0 0 0 0 0 0 0 0 0 0 0 0 0 0 0 0 0 0 0 0 0 0 0 0 0 0 0 0 0 0 0 0 0 0 0 0 0 
0 0 0 0 0 0 0 0 0 0 0 0 0 0 0 0 0 0 0 0 0 0 0 0 0 0 0 0 0 0 0 0 0 1 1 0 0 0 0 0 0 0 0 0 0 0 0 0 0 0 0 0 0 0 0 0 0 0 0 0 0 0 0 0 0 0 0 0 0 0 0 0 0 0 0 0 0 0 0 0 0 0 0 0 0 0 0 0 0 0 0 0 0 0 0 0 0 0 0 0 
0 0 0 0 0 0 0 0 0 0 0 0 0 0 0 0 0 0 0 0 0 0 0 0 0 0 0 0 0 0 0 0 0 0 1 1 0 0 0 0 0 0 0 0 0 0 0 0 0 0 0 0 0 0 0 0 0 0 0 0 0 0 0 0 0 0 0 0 0 0 0 0 0 0 0 0 0 0 0 0 0 0 0 0 0 0 0 0 0 0 0 0 0 0 0 0 0 0 0 0 
0 0 0 0 0 0 0 0 0 0 0 0 0 0 0 0 0 0 0 0 0 0 0 0 0 0 0 0 0 0 0 0 0 0 0 1 1 0 0 0 0 0 0 0 0 0 0 0 0 0 0 0 0 0 0 0 0 0 0 0 0 0 0 0 0 0 0 0 0 0 0 0 0 0 0 0 0 0 0 0 0 0 0 0 0 0 0 0 0 0 0 0 0 0 0 0 0 0 0 0 
0 0 0 0 0 0 0 0 0 0 0 0 0 0 0 0 0 0 0 0 0 0 0 0 0 0 0 0 0 0 0 0 0 0 0 0 1 1 0 0 0 0 0 0 0 0 0 0 0 0 0 0 0 0 0 0 0 0 0 0 0 0 0 0 0 0 0 0 0 0 0 0 0 0 0 0 0 0 0 0 0 0 0 0 0 0 0 0 0 0 0 0 0 0 0 0 0 0 0 0 
0 0 0 0 0 0 0 0 0 0 0 0 0 0 0 0 0 0 0 0 0 0 0 0 0 0 0 0 0 0 0 0 0 0 0 0 0 1 1 0 0 0 0 0 0 0 0 0 0 0 0 0 0 0 0 0 0 0 0 0 0 0 0 0 0 0 0 0 0 0 0 0 0 0 0 0 0 0 0 0 0 0 0 0 0 0 0 0 0 0 0 0 0 0 0 0 0 0 0 0 
0 0 0 0 0 0 0 0 0 0 0 0 0 0 0 0 0 0 0 0 0 0 0 0 0 0 0 0 0 0 0 0 0 0 0 0 0 0 1 1 0 0 0 0 0 0 0 0 0 0 0 0 0 0 0 0 0 0 0 0 0 0 0 0 0 0 0 0 0 0 0 0 0 0 0 0 0 0 0 0 0 0 0 0 0 0 0 0 0 0 0 0 0 0 0 0 0 0 0 0 
0 0 0 0 0 0 0 0 0 0 0 0 0 0 0 0 0 0 0 0 0 0 0 0 0 0 0 0 0 0 0 0 0 0 0 0 0 0 0 1 1 0 0 0 0 0 0 0 0 0 0 0 0 0 0 0 0 0 0 0 0 0 0 0 0 0 0 0 0 0 0 0 0 0 0 0 0 0 0 0 0 0 0 0 0 0 0 0 0 0 0 0 0 0 0 0 0 0 0 0 
0 0 0 0 0 0 0 0 0 0 0 0 0 0 0 0 0 0 0 0 0 0 0 0 0 0 0 0 0 0 0 0 0 0 0 0 0 0 0 0 1 1 0 0 0 0 0 0 0 0 0 0 0 0 0 0 0 0 0 0 0 0 0 0 0 0 0 0 0 0 0 0 0 0 0 0 0 0 0 0 0 0 0 0 0 0 0 0 0 0 0 0 0 0 0 0 0 0 0 0 
0 0 0 0 0 0 0 0 0 0 0 0 0 0 0 0 0 0 0 0 0 0 0 0 0 0 0 0 0 0 0 0 0 0 0 0 0 0 0 0 0 1 1 0 0 0 0 0 0 0 0 0 0 0 0 0 0 0 0 0 0 0 0 0 0 0 0 0 0 0 0 0 0 0 0 0 0 0 0 0 0 0 0 0 0 0 0 0 0 0 0 0 0 0 0 0 0 0 0 0 
0 0 0 0 0 0 0 0 0 0 0 0 0 0 0 0 0 0 0 0 0 0 0 0 0 0 0 0 0 0 0 0 0 0 0 0 0 0 0 0 0 0 1 1 0 0 0 0 0 0 0 0 0 0 0 0 0 0 0 0 0 0 0 0 0 0 0 0 0 0 0 0 0 0 0 0 0 0 0 0 0 0 0 0 0 0 0 0 0 0 0 0 0 0 0 0 0 0 0 0 
0 0 0 0 0 0 0 0 0 0 0 0 0 0 0 0 0 0 0 0 0 0 0 0 0 0 0 0 0 0 0 0 0 0 0 0 0 0 0 0 0 0 0 1 1 0 0 0 0 0 0 0 0 0 0 0 0 0 0 0 0 0 0 0 0 0 0 0 0 0 0 0 0 0 0 0 0 0 0 0 0 0 0 0 0 0 0 0 0 0 0 0 0 0 0 0 0 0 0 0 
0 0 0 0 0 0 0 0 0 0 0 0 0 0 0 0 0 0 0 0 0 0 0 0 0 0 0 0 0 0 0 0 0 0 0 0 0 0 0 0 0 0 0 0 1 1 0 0 0 0 0 0 0 0 0 0 0 0 0 0 0 0 0 0 0 0 0 0 0 0 0 0 0 0 0 0 0 0 0 0 0 0 0 0 0 0 0 0 0 0 0 0 0 0 0 0 0 0 0 0 
0 0 0 0 0 0 0 0 0 0 0 0 0 0 0 0 0 0 0 0 0 0 0 0 0 0 0 0 0 0 0 0 0 0 0 0 0 0 0 0 0 0 0 0 0 1 1 0 0 0 0 0 0 0 0 0 0 0 0 0 0 0 0 0 0 0 0 0 0 0 0 0 0 0 0 0 0 0 0 0 0 0 0 0 0 0 0 0 0 0 0 0 0 0 0 0 0 0 0 0 
0 0 0 0 0 0 0 0 0 0 0 0 0 0 0 0 0 0 0 0 0 0 0 0 0 0 0 0 0 0 0 0 0 0 0 0 0 0 0 0 0 0 0 0 0 0 1 1 0 0 0 0 0 0 0 0 0 0 0 0 0 0 0 0 0 0 0 0 0 0 0 0 0 0 0 0 0 0 0 0 0 0 0 0 0 0 0 0 0 0 0 0 0 0 0 0 0 0 0 0 
0 0 0 0 0 0 0 0 0 0 0 0 0 0 0 0 0 0 0 0 0 0 0 0 0 0 0 0 0 0 0 0 0 0 0 0 0 0 0 0 0 0 0 0 0 0 0 1 1 0 0 0 0 0 0 0 0 0 0 0 0 0 0 0 0 0 0 0 0 0 0 0 0 0 0 0 0 0 0 0 0 0 0 0 0 0 0 0 0 0 0 0 0 0 0 0 0 0 0 0 
0 0 0 0 0 0 0 0 0 0 0 0 0 0 0 0 0 0 0 0 0 0 0 0 0 0 0 0 0 0 0 0 0 0 0 0 0 0 0 0 0 0 0 0 0 0 0 0 1 1 0 0 0 0 0 0 0 0 0 0 0 0 0 0 0 0 0 0 0 0 0 0 0 0 0 0 0 0 0 0 0 0 0 0 0 0 0 0 0 0 0 0 0 0 0 0 0 0 0 0 
0 0 0 0 0 0 0 0 0 0 0 0 0 0 0 0 0 0 0 0 0 0 0 0 0 0 0 0 0 0 0 0 0 0 0 0 0 0 0 0 0 0 0 0 0 0 0 0 0 1 1 0 0 0 0 0 0 0 0 0 0 0 0 0 0 0 0 0 0 0 0 0 0 0 0 0 0 0 0 0 0 0 0 0 0 0 0 0 0 0 0 0 0 0 0 0 0 0 0 0 
0 0 0 0 0 0 0 0 0 0 0 0 0 0 0 0 0 0 0 0 0 0 0 0 0 0 0 0 0 0 0 0 0 0 0 0 0 0 0 0 0 0 0 0 0 0 0 0 0 0 1 1 0 0 0 0 0 0 0 0 0 0 0 0 0 0 0 0 0 0 0 0 0 0 0 0 0 0 0 0 0 0 0 0 0 0 0 0 0 0 0 0 0 0 0 0 0 0 0 0 
0 0 0 0 0 0 0 0 0 0 0 0 0 0 0 0 0 0 0 0 0 0 0 0 0 0 0 0 0 0 0 0 0 0 0 0 0 0 0 0 0 0 0 0 0 0 0 0 0 0 0 1 1 0 0 0 0 0 0 0 0 0 0 0 0 0 0 0 0 0 0 0 0 0 0 0 0 0 0 0 0 0 0 0 0 0 0 0 0 0 0 0 0 0 0 0 0 0 0 0 
0 0 0 0 0 0 0 0 0 0 0 0 0 0 0 0 0 0 0 0 0 0 0 0 0 0 0 0 0 0 0 0 0 0 0 0 0 0 0 0 0 0 0 0 0 0 0 0 0 0 0 0 1 1 0 0 0 0 0 0 0 0 0 0 0 0 0 0 0 0 0 0 0 0 0 0 0 0 0 0 0 0 0 0 0 0 0 0 0 0 0 0 0 0 0 0 0 0 0 0 
0 0 0 0 0 0 0 0 0 0 0 0 0 0 0 0 0 0 0 0 0 0 0 0 0 0 0 0 0 0 0 0 0 0 0 0 0 0 0 0 0 0 0 0 0 0 0 0 0 0 0 0 0 1 1 0 0 0 0 0 0 0 0 0 0 0 0 0 0 0 0 0 0 0 0 0 0 0 0 0 0 0 0 0 0 0 0 0 0 0 0 0 0 0 0 0 0 0 0 0 
0 0 0 0 0 0 0 0 0 0 0 0 0 0 0 0 0 0 0 0 0 0 0 0 0 0 0 0 0 0 0 0 0 0 0 0 0 0 0 0 0 0 0 0 0 0 0 0 0 0 0 0 0 0 1 1 0 0 0 0 0 0 0 0 0 0 0 0 0 0 0 0 0 0 0 0 0 0 0 0 0 0 0 0 0 0 0 0 0 0 0 0 0 0 0 0 0 0 0 0 
0 0 0 0 0 0 0 0 0 0 0 0 0 0 0 0 0 0 0 0 0 0 0 0 0 0 0 0 0 0 0 0 0 0 0 0 0 0 0 0 0 0 0 0 0 0 0 0 0 0 0 0 0 0 0 1 1 0 0 0 0 0 0 0 0 0 0 0 0 0 0 0 0 0 0 0 0 0 0 0 0 0 0 0 0 0 0 0 0 0 0 0 0 0 0 0 0 0 0 0 
0 0 0 0 0 0 0 0 0 0 0 0 0 0 0 0 0 0 0 0 0 0 0 0 0 0 0 0 0 0 0 0 0 0 0 0 0 0 0 0 0 0 0 0 0 0 0 0 0 0 0 0 0 0 0 0 1 1 0 0 0 0 0 0 0 0 0 0 0 0 0 0 0 0 0 0 0 0 0 0 0 0 0 0 0 0 0 0 0 0 0 0 0 0 0 0 0 0 0 0 
0 0 0 0 0 0 0 0 0 0 0 0 0 0 0 0 0 0 0 0 0 0 0 0 0 0 0 0 0 0 0 0 0 0 0 0 0 0 0 0 0 0 0 0 0 0 0 0 0 0 0 0 0 0 0 0 0 1 1 0 0 0 0 0 0 0 0 0 0 0 0 0 0 0 0 0 0 0 0 0 0 0 0 0 0 0 0 0 0 0 0 0 0 0 0 0 0 0 0 0 
0 0 0 0 0 0 0 0 0 0 0 0 0 0 0 0 0 0 0 0 0 0 0 0 0 0 0 0 0 0 0 0 0 0 0 0 0 0 0 0 0 0 0 0 0 0 0 0 0 0 0 0 0 0 0 0 0 0 1 1 0 0 0 0 0 0 0 0 0 0 0 0 0 0 0 0 0 0 0 0 0 0 0 0 0 0 0 0 0 0 0 0 0 0 0 0 0 0 0 0 
0 0 0 0 0 0 0 0 0 0 0 0 0 0 0 0 0 0 0 0 0 0 0 0 0 0 0 0 0 0 0 0 0 0 0 0 0 0 0 0 0 0 0 0 0 0 0 0 0 0 0 0 0 0 0 0 0 0 0 1 1 0 0 0 0 0 0 0 0 0 0 0 0 0 0 0 0 0 0 0 0 0 0 0 0 0 0 0 0 0 0 0 0 0 0 0 0 0 0 0 
0 0 0 0 0 0 0 0 0 0 0 0 0 0 0 0 0 0 0 0 0 0 0 0 0 0 0 0 0 0 0 0 0 0 0 0 0 0 0 0 0 0 0 0 0 0 0 0 0 0 0 0 0 0 0 0 0 0 0 0 1 1 0 0 0 0 0 0 0 0 0 0 0 0 0 0 0 0 0 0 0 0 0 0 0 0 0 0 0 0 0 0 0 0 0 0 0 0 0 0 
0 0 0 0 0 0 0 0 0 0 0 0 0 0 0 0 0 0 0 0 0 0 0 0 0 0 0 0 0 0 0 0 0 0 0 0 0 0 0 0 0 0 0 0 0 0 0 0 0 0 0 0 0 0 0 0 0 0 0 0 0 1 1 0 0 0 0 0 0 0 0 0 0 0 0 0 0 0 0 0 0 0 0 0 0 0 0 0 0 0 0 0 0 0 0 0 0 0 0 0 
0 0 0 0 0 0 0 0 0 0 0 0 0 0 0 0 0 0 0 0 0 0 0 0 0 0 0 0 0 0 0 0 0 0 0 0 0 0 0 0 0 0 0 0 0 0 0 0 0 0 0 0 0 0 0 0 0 0 0 0 0 0 1 1 0 0 0 0 0 0 0 0 0 0 0 0 0 0 0 0 0 0 0 0 0 0 0 0 0 0 0 0 0 0 0 0 0 0 0 0 
0 0 0 0 0 0 0 0 0 0 0 0 0 0 0 0 0 0 0 0 0 0 0 0 0 0 0 0 0 0 0 0 0 0 0 0 0 0 0 0 0 0 0 0 0 0 0 0 0 0 0 0 0 0 0 0 0 0 0 0 0 0 0 1 1 0 0 0 0 0 0 0 0 0 0 0 0 0 0 0 0 0 0 0 0 0 0 0 0 0 0 0 0 0 0 0 0 0 0 0 
0 0 0 0 0 0 0 0 0 0 0 0 0 0 0 0 0 0 0 0 0 0 0 0 0 0 0 0 0 0 0 0 0 0 0 0 0 0 0 0 0 0 0 0 0 0 0 0 0 0 0 0 0 0 0 0 0 0 0 0 0 0 0 0 1 1 0 0 0 0 0 0 0 0 0 0 0 0 0 0 0 0 0 0 0 0 0 0 0 0 0 0 0 0 0 0 0 0 0 0 
0 0 0 0 0 0 0 0 0 0 0 0 0 0 0 0 0 0 0 0 0 0 0 0 0 0 0 0 0 0 0 0 0 0 0 0 0 0 0 0 0 0 0 0 0 0 0 0 0 0 0 0 0 0 0 0 0 0 0 0 0 0 0 0 0 1 1 0 0 0 0 0 0 0 0 0 0 0 0 0 0 0 0 0 0 0 0 0 0 0 0 0 0 0 0 0 0 0 0 0 
0 0 0 0 0 0 0 0 0 0 0 0 0 0 0 0 0 0 0 0 0 0 0 0 0 0 0 0 0 0 0 0 0 0 0 0 0 0 0 0 0 0 0 0 0 0 0 0 0 0 0 0 0 0 0 0 0 0 0 0 0 0 0 0 0 0 1 1 0 0 0 0 0 0 0 0 0 0 0 0 0 0 0 0 0 0 0 0 0 0 0 0 0 0 0 0 0 0 0 0 
0 0 0 0 0 0 0 0 0 0 0 0 0 0 0 0 0 0 0 0 0 0 0 0 0 0 0 0 0 0 0 0 0 0 0 0 0 0 0 0 0 0 0 0 0 0 0 0 0 0 0 0 0 0 0 0 0 0 0 0 0 0 0 0 0 0 0 1 1 0 0 0 0 0 0 0 0 0 0 0 0 0 0 0 0 0 0 0 0 0 0 0 0 0 0 0 0 0 0 0 
0 0 0 0 0 0 0 0 0 0 0 0 0 0 0 0 0 0 0 0 0 0 0 0 0 0 0 0 0 0 0 0 0 0 0 0 0 0 0 0 0 0 0 0 0 0 0 0 0 0 0 0 0 0 0 0 0 0 0 0 0 0 0 0 0 0 0 0 1 1 0 0 0 0 0 0 0 0 0 0 0 0 0 0 0 0 0 0 0 0 0 0 0 0 0 0 0 0 0 0 
0 0 0 0 0 0 0 0 0 0 0 0 0 0 0 0 0 0 0 0 0 0 0 0 0 0 0 0 0 0 0 0 0 0 0 0 0 0 0 0 0 0 0 0 0 0 0 0 0 0 0 0 0 0 0 0 0 0 0 0 0 0 0 0 0 0 0 0 0 1 1 0 0 0 0 0 0 0 0 0 0 0 0 0 0 0 0 0 0 0 0 0 0 0 0 0 0 0 0 0 
0 0 0 0 0 0 0 0 0 0 0 0 0 0 0 0 0 0 0 0 0 0 0 0 0 0 0 0 0 0 0 0 0 0 0 0 0 0 0 0 0 0 0 0 0 0 0 0 0 0 0 0 0 0 0 0 0 0 0 0 0 0 0 0 0 0 0 0 0 0 1 1 0 0 0 0 0 0 0 0 0 0 0 0 0 0 0 0 0 0 0 0 0 0 0 0 0 0 0 0 
0 0 0 0 0 0 0 0 0 0 0 0 0 0 0 0 0 0 0 0 0 0 0 0 0 0 0 0 0 0 0 0 0 0 0 0 0 0 0 0 0 0 0 0 0 0 0 0 0 0 0 0 0 0 0 0 0 0 0 0 0 0 0 0 0 0 0 0 0 0 0 1 1 0 0 0 0 0 0 0 0 0 0 0 0 0 0 0 0 0 0 0 0 0 0 0 0 0 0 0 
0 0 0 0 0 0 0 0 0 0 0 0 0 0 0 0 0 0 0 0 0 0 0 0 0 0 0 0 0 0 0 0 0 0 0 0 0 0 0 0 0 0 0 0 0 0 0 0 0 0 0 0 0 0 0 0 0 0 0 0 0 0 0 0 0 0 0 0 0 0 0 0 1 1 0 0 0 0 0 0 0 0 0 0 0 0 0 0 0 0 0 0 0 0 0 0 0 0 0 0 
0 0 0 0 0 0 0 0 0 0 0 0 0 0 0 0 0 0 0 0 0 0 0 0 0 0 0 0 0 0 0 0 0 0 0 0 0 0 0 0 0 0 0 0 0 0 0 0 0 0 0 0 0 0 0 0 0 0 0 0 0 0 0 0 0 0 0 0 0 0 0 0 0 1 1 0 0 0 0 0 0 0 0 0 0 0 0 0 0 0 0 0 0 0 0 0 0 0 0 0 
0 0 0 0 0 0 0 0 0 0 0 0 0 0 0 0 0 0 0 0 0 0 0 0 0 0 0 0 0 0 0 0 0 0 0 0 0 0 0 0 0 0 0 0 0 0 0 0 0 0 0 0 0 0 0 0 0 0 0 0 0 0 0 0 0 0 0 0 0 0 0 0 0 0 1 1 0 0 0 0 0 0 0 0 0 0 0 0 0 0 0 0 0 0 0 0 0 0 0 0 
0 0 0 0 0 0 0 0 0 0 0 0 0 0 0 0 0 0 0 0 0 0 0 0 0 0 0 0 0 0 0 0 0 0 0 0 0 0 0 0 0 0 0 0 0 0 0 0 0 0 0 0 0 0 0 0 0 0 0 0 0 0 0 0 0 0 0 0 0 0 0 0 0 0 0 1 1 0 0 0 0 0 0 0 0 0 0 0 0 0 0 0 0 0 0 0 0 0 0 0 
0 0 0 0 0 0 0 0 0 0 0 0 0 0 0 0 0 0 0 0 0 0 0 0 0 0 0 0 0 0 0 0 0 0 0 0 0 0 0 0 0 0 0 0 0 0 0 0 0 0 0 0 0 0 0 0 0 0 0 0 0 0 0 0 0 0 0 0 0 0 0 0 0 0 0 0 1 1 0 0 0 0 0 0 0 0 0 0 0 0 0 0 0 0 0 0 0 0 0 0 
0 0 0 0 0 0 0 0 0 0 0 0 0 0 0 0 0 0 0 0 0 0 0 0 0 0 0 0 0 0 0 0 0 0 0 0 0 0 0 0 0 0 0 0 0 0 0 0 0 0 0 0 0 0 0 0 0 0 0 0 0 0 0 0 0 0 0 0 0 0 0 0 0 0 0 0 0 1 1 0 0 0 0 0 0 0 0 0 0 0 0 0 0 0 0 0 0 0 0 0 
0 0 0 0 0 0 0 0 0 0 0 0 0 0 0 0 0 0 0 0 0 0 0 0 0 0 0 0 0 0 0 0 0 0 0 0 0 0 0 0 0 0 0 0 0 0 0 0 0 0 0 0 0 0 0 0 0 0 0 0 0 0 0 0 0 0 0 0 0 0 0 0 0 0 0 0 0 0 1 1 0 0 0 0 0 0 0 0 0 0 0 0 0 0 0 0 0 0 0 0 
0 0 0 0 0 0 0 0 0 0 0 0 0 0 0 0 0 0 0 0 0 0 0 0 0 0 0 0 0 0 0 0 0 0 0 0 0 0 0 0 0 0 0 0 0 0 0 0 0 0 0 0 0 0 0 0 0 0 0 0 0 0 0 0 0 0 0 0 0 0 0 0 0 0 0 0 0 0 0 1 1 0 0 0 0 0 0 0 0 0 0 0 0 0 0 0 0 0 0 0 
0 0 0 0 0 0 0 0 0 0 0 0 0 0 0 0 0 0 0 0 0 0 0 0 0 0 0 0 0 0 0 0 0 0 0 0 0 0 0 0 0 0 0 0 0 0 0 0 0 0 0 0 0 0 0 0 0 0 0 0 0 0 0 0 0 0 0 0 0 0 0 0 0 0 0 0 0 0 0 0 1 1 0 0 0 0 0 0 0 0 0 0 0 0 0 0 0 0 0 0 
0 0 0 0 0 0 0 0 0 0 0 0 0 0 0 0 0 0 0 0 0 0 0 0 0 0 0 0 0 0 0 0 0 0 0 0 0 0 0 0 0 0 0 0 0 0 0 0 0 0 0 0 0 0 0 0 0 0 0 0 0 0 0 0 0 0 0 0 0 0 0 0 0 0 0 0 0 0 0 0 0 1 1 0 0 0 0 0 0 0 0 0 0 0 0 0 0 0 0 0 
0 0 0 0 0 0 0 0 0 0 0 0 0 0 0 0 0 0 0 0 0 0 0 0 0 0 0 0 0 0 0 0 0 0 0 0 0 0 0 0 0 0 0 0 0 0 0 0 0 0 0 0 0 0 0 0 0 0 0 0 0 0 0 0 0 0 0 0 0 0 0 0 0 0 0 0 0 0 0 0 0 0 1 1 0 0 0 0 0 0 0 0 0 0 0 0 0 0 0 0 
0 0 0 0 0 0 0 0 0 0 0 0 0 0 0 0 0 0 0 0 0 0 0 0 0 0 0 0 0 0 0 0 0 0 0 0 0 0 0 0 0 0 0 0 0 0 0 0 0 0 0 0 0 0 0 0 0 0 0 0 0 0 0 0 0 0 0 0 0 0 0 0 0 0 0 0 0 0 0 0 0 0 0 1 1 0 0 0 0 0 0 0 0 0 0 0 0 0 0 0 
0 0 0 0 0 0 0 0 0 0 0 0 0 0 0 0 0 0 0 0 0 0 0 0 0 0 0 0 0 0 0 0 0 0 0 0 0 0 0 0 0 0 0 0 0 0 0 0 0 0 0 0 0 0 0 0 0 0 0 0 0 0 0 0 0 0 0 0 0 0 0 0 0 0 0 0 0 0 0 0 0 0 0 0 1 1 0 0 0 0 0 0 0 0 0 0 0 0 0 0 
0 0 0 0 0 0 0 0 0 0 0 0 0 0 0 0 0 0 0 0 0 0 0 0 0 0 0 0 0 0 0 0 0 0 0 0 0 0 0 0 0 0 0 0 0 0 0 0 0 0 0 0 0 0 0 0 0 0 0 0 0 0 0 0 0 0 0 0 0 0 0 0 0 0 0 0 0 0 0 0 0 0 0 0 0 1 1 0 0 0 0 0 0 0 0 0 0 0 0 0 
0 0 0 0 0 0 0 0 0 0 0 0 0 0 0 0 0 0 0 0 0 0 0 0 0 0 0 0 0 0 0 0 0 0 0 0 0 0 0 0 0 0 0 0 0 0 0 0 0 0 0 0 0 0 0 0 0 0 0 0 0 0 0 0 0 0 0 0 0 0 0 0 0 0 0 0 0 0 0 0 0 0 0 0 0 0 1 1 0 0 0 0 0 0 0 0 0 0 0 0 
0 0 0 0 0 0 0 0 0 0 0 0 0 0 0 0 0 0 0 0 0 0 0 0 0 0 0 0 0 0 0 0 0 0 0 0 0 0 0 0 0 0 0 0 0 0 0 0 0 0 0 0 0 0 0 0 0 0 0 0 0 0 0 0 0 0 0 0 0 0 0 0 0 0 0 0 0 0 0 0 0 0 0 0 0 0 0 1 1 0 0 0 0 0 0 0 0 0 0 0 
0 0 0 0 0 0 0 0 0 0 0 0 0 0 0 0 0 0 0 0 0 0 0 0 0 0 0 0 0 0 0 0 0 0 0 0 0 0 0 0 0 0 0 0 0 0 0 0 0 0 0 0 0 0 0 0 0 0 0 0 0 0 0 0 0 0 0 0 0 0 0 0 0 0 0 0 0 0 0 0 0 0 0 0 0 0 0 0 1 1 0 0 0 0 0 0 0 0 0 0 
0 0 0 0 0 0 0 0 0 0 0 0 0 0 0 0 0 0 0 0 0 0 0 0 0 0 0 0 0 0 0 0 0 0 0 0 0 0 0 0 0 0 0 0 0 0 0 0 0 0 0 0 0 0 0 0 0 0 0 0 0 0 0 0 0 0 0 0 0 0 0 0 0 0 0 0 0 0 0 0 0 0 0 0 0 0 0 0 0 1 1 0 0 0 0 0 0 0 0 0 
0 0 0 0 0 0 0 0 0 0 0 0 0 0 0 0 0 0 0 0 0 0 0 0 0 0 0 0 0 0 0 0 0 0 0 0 0 0 0 0 0 0 0 0 0 0 0 0 0 0 0 0 0 0 0 0 0 0 0 0 0 0 0 0 0 0 0 0 0 0 0 0 0 0 0 0 0 0 0 0 0 0 0 0 0 0 0 0 0 0 1 1 0 0 0 0 0 0 0 0 
0 0 0 0 0 0 0 0 0 0 0 0 0 0 0 0 0 0 0 0 0 0 0 0 0 0 0 0 0 0 0 0 0 0 0 0 0 0 0 0 0 0 0 0 0 0 0 0 0 0 0 0 0 0 0 0 0 0 0 0 0 0 0 0 0 0 0 0 0 0 0 0 0 0 0 0 0 0 0 0 0 0 0 0 0 0 0 0 0 0 0 1 1 0 0 0 0 0 0 0 
0 0 0 0 0 0 0 0 0 0 0 0 0 0 0 0 0 0 0 0 0 0 0 0 0 0 0 0 0 0 0 0 0 0 0 0 0 0 0 0 0 0 0 0 0 0 0 0 0 0 0 0 0 0 0 0 0 0 0 0 0 0 0 0 0 0 0 0 0 0 0 0 0 0 0 0 0 0 0 0 0 0 0 0 0 0 0 0 0 0 0 0 1 1 0 0 0 0 0 0 
0 0 0 0 0 0 0 0 0 0 0 0 0 0 0 0 0 0 0 0 0 0 0 0 0 0 0 0 0 0 0 0 0 0 0 0 0 0 0 0 0 0 0 0 0 0 0 0 0 0 0 0 0 0 0 0 0 0 0 0 0 0 0 0 0 0 0 0 0 0 0 0 0 0 0 0 0 0 0 0 0 0 0 0 0 0 0 0 0 0 0 0 0 1 1 0 0 0 0 0 
0 0 0 0 0 0 0 0 0 0 0 0 0 0 0 0 0 0 0 0 0 0 0 0 0 0 0 0 0 0 0 0 0 0 0 0 0 0 0 0 0 0 0 0 0 0 0 0 0 0 0 0 0 0 0 0 0 0 0 0 0 0 0 0 0 0 0 0 0 0 0 0 0 0 0 0 0 0 0 0 0 0 0 0 0 0 0 0 0 0 0 0 0 0 1 1 0 0 0 0 
0 0 0 0 0 0 0 0 0 0 0 0 0 0 0 0 0 0 0 0 0 0 0 0 0 0 0 0 0 0 0 0 0 0 0 0 0 0 0 0 0 0 0 0 0 0 0 0 0 0 0 0 0 0 0 0 0 0 0 0 0 0 0 0 0 0 0 0 0 0 0 0 0 0 0 0 0 0 0 0 0 0 0 0 0 0 0 0 0 0 0 0 0 0 0 1 1 0 0 0 
0 0 0 0 0 0 0 0 0 0 0 0 0 0 0 0 0 0 0 0 0 0 0 0 0 0 0 0 0 0 0 0 0 0 0 0 0 0 0 0 0 0 0 0 0 0 0 0 0 0 0 0 0 0 0 0 0 0 0 0 0 0 0 0 0 0 0 0 0 0 0 0 0 0 0 0 0 0 0 0 0 0 0 0 0 0 0 0 0 0 0 0 0 0 0 0 1 1 0 0 
0 0 0 0 0 0 0 0 0 0 0 0 0 0 0 0 0 0 0 0 0 0 0 0 0 0 0 0 0 0 0 0 0 0 0 0 0 0 0 0 0 0 0 0 0 0 0 0 0 0 0 0 0 0 0 0 0 0 0 0 0 0 0 0 0 0 0 0 0 0 0 0 0 0 0 0 0 0 0 0 0 0 0 0 0 0 0 0 0 0 0 0 0 0 0 0 0 1 1 0 
0 0 0 0 0 0 0 0 0 0 0 0 0 0 0 0 0 0 0 0 0 0 0 0 0 0 0 0 0 0 0 0 0 0 0 0 0 0 0 0 0 0 0 0 0 0 0 0 0 0 0 0 0 0 0 0 0 0 0 0 0 0 0 0 0 0 0 0 0 0 0 0 0 0 0 0 0 0 0 0 0 0 0 0 0 0 0 0 0 0 0 0 0 0 0 0 0 0 1 1 
23 25 37 100 100 95 72 14 49 84 2 81 7 61 41 73 93 57 69 28 43 16 79 94 8 96 32 12 88 8 71 84 39 30 72 63 29 94 40 53 20 93 15 19 39 44 75 8 74 73 27 67 32 11 39 29 70 11 29 87 3 27 99 52 8 29 32 89 94 13 7 46 61 42 93 70 67 44 31 52 79 76 96 3 55 76 67 52 19 60 24 18 73 37 70 42 5 13 62 94 
85 53 10 42 52 19 91 18 80 62 72 70 22 23 71 40 29 8 54 82 19 39 25 41 100 52 67 77 30 85 61 5 20 30 13 49 44 82 92 13 21 89 19 34 94 11 35 56 16 53 63 12 40 63 48 88 71 85 64 14 89 85 25 99 11 67 52 71 47 57 47 51 29 75 86 83 68 60 30 11 82 83 31 48 42 20 61 11 42 93 74 99 82 35 48 11 93 59 99 33 
85 37 84 87 44 17 45 35 100 23 84 92 23 96 38 20 77 3 47 53 76 20 42 92 33 47 26 59 68 64 67 16 41 15 25 89 78 82 68 71 26 16 26 40 28 82 8 41 24 89 24 25 58 69 67 78 37 52 52 32 21 94 13 27 57 65 36 69 0 53 88 1 14 35 36 35 93 46 88 90 30 22 58 96 75 43 94 17 2 29 18 88 68 17 21 44 77 56 97 65 
27 37 29 31 61 23 94 38 22 70 62 64 100 65 34 87 86 47 89 75 11 69 96 48 46 0 4 83 48 86 23 4 71 25 80 30 86 0 39 93 98 79 21 65 42 100 32 43 22 76 84 88 44 66 87 29 87 95 23 84 28 49 80 86 5 70 91 42 100 24 12 52 28 88 66 45 3 91 47 7 92 30 62 7 23 32 54 48 73 45 71 63 57 29 83 5 15 36 87 39 
60 0 87 100 16 71 40 75 39 26 59 9 31 85 30 8 3 27 46 25 89 12 94 57 30 29 69 85 92 52 88 88 17 52 62 14 78 58 54 97 31 71 72 65 96 32 14 95 29 65 77 21 46 51 26 56 67 41 80 64 46 15 22 10 33 40 4 60 95 86 58 39 60 19 77 55 17 92 5 1 28 18 3 25 0 26 86 72 52 87 30 73 10 40 20 52 34 7 80 47 
81 13 55 98 83 82 81 99 70 62 52 7 53 84 67 31 3 53 41 81 1 86 59 25 43 25 70 98 0 72 20 57 10 87 49 8 17 59 8 2 0 48 19 0 84 45 64 84 15 46 54 11 5 84 75 70 68 72 56 97 39 9 57 31 50 60 10 66 88 82 68 47 79 52 81 97 27 67 29 15 100 94 4 88 28 67 40 84 3 82 40 2 70 96 66 7 38 61 96 65 
9 54 34 4 6 64 48 4 34 92 20 24 22 70 46 65 49 14 45 53 8 80 5 17 72 53 30 54 100 34 43 68 43 63 58 88 40 46 4 97 35 67 23 41 1 38 43 69 70 46 81 2 67 14 58 9 55 57 98 65 47 92 17 67 80 42 44 94 2 82 63 2 40 38 46 96 54 60 59 15 62 30 10 11 25 21 31 51 80 66 66 80 0 56 8 27 20 66 46 11 
91 72 65 53 78 34 4 75 25 2 30 32 39 0 54 77 74 4 61 61 1 4 34 51 30 80 10 17 12 19 52 80 28 56 3 91 93 41 20 35 16 1 61 48 48 66 40 90 57 52 80 17 73 1 32 69 81 64 100 17 97 13 8 73 94 77 77 29 10 22 40 70 21 18 93 69 66 60 58 46 81 45 21 89 26 9 0 46 10 80 25 29 2 17 29 37 16 14 60 47 
19 71 79 75 3 55 64 53 37 75 59 17 58 61 89 67 96 43 89 74 62 97 7 67 90 15 99 19 17 97 63 53 14 95 17 53 76 96 22 5 20 76 14 9 100 69 22 37 66 97 61 69 76 69 12 29 0 88 74 1 49 81 70 28 20 52 18 27 95 0 85 15 86 84 70 39 35 77 77 21 13 6 17 78 55 23 9 40 25 51 21 51 36 81 46 99 69 17 93 93 
56 82 44 74 40 85 30 48 5 47 53 37 88 56 32 51 34 77 81 11 73 5 75 43 65 56 26 87 17 92 49 25 55 97 46 37 74 6 75 29 50 72 82 37 12 33 28 92 7 75 72 31 58 43 83 42 65 30 18 45 30 84 26 16 8 13 98 50 35 10 0 64 5 21 95 12 71 73 20 81 9 38 25 64 70 66 6 43 22 99 45 7 57 93 80 69 32 4 73 79 
9 35 60 38 22 16 3 70 63 82 92 16 60 33 34 63 49 28 36 58 63 56 11 20 69 34 72 1 1 98 95 35 37 23 42 20 33 25 91 72 48 6 48 79 55 56 80 19 5 70 96 19 65 26 93 75 5 61 77 20 85 90 42 83 51 15 56 78 30 25 27 9 1 12 94 16 99 9 4 72 42 25 48 57 49 27 79 69 32 58 24 30 94 71 33 63 4 12 78 18 
24 22 85 66 4 81 3 17 45 34 78 12 42 55 81 75 88 45 71 46 61 98 96 71 13 72 87 41 86 35 33 23 54 35 24 74 89 94 13 84 82 93 89 97 23 46 21 25 37 91 20 76 88 15 35 22 24 46 61 8 58 35 89 58 59 69 31 2 59 65 60 25 41 79 31 48 62 1 52 48 41 92 76 0 50 57 16 81 43 64 90 55 83 25 8 39 72 73 29 56 
79 72 31 57 20 19 33 48 54 59 57 47 57 58 80 57 36 11 35 50 16 41 13 92 69 45 42 68 57 93 39 70 55 93 47 34 78 89 5 28 86 18 48 63 34 52 34 33 38 94 53 30 10 74 98 88 1 9 36 82 58 70 19 51 52 21 81 12 80 19 66 46 71 67 29 66 63 24 99 52 94 64 52 42 78 96 27 47 85 93 4 97 88 79 62 86 100 28 9 95 
78 99 26 94 85 40 37 62 58 29 14 43 36 99 97 27 78 72 55 52 95 34 73 63 96 86 26 4 100 54 15 49 55 22 74 12 38 79 80 84 77 55 5 2 8 98 87 98 27 4 28 17 71 8 86 55 2 7 20 40 0 56 25 37 42 87 31 37 29 57 42 47 35 77 54 28 93 37 35 5 56 38 25 12 95 0 81 30 68 21 72 79 93 100 87 62 12 75 6 16 
22 21 43 22 8 18 100 66 34 66 26 36 12 100 57 17 99 29 89 38 82 78 57 68 0 9 33 69 86 68 1 65 57 96 44 65 14 92 38 29 38 62 88 96 54 81 11 55 1 0 91 83 4 57 4 60 77 45 73 94 79 55 49 72 3 60 73 49 47 90 80 58 87 41 63 50 31 63 10 33 77 21 75 19 40 99 88 82 36 8 61 8 99 6 18 3 26 97 29 26 
60 20 43 9 12 53 5 80 66 10 16 21 25 14 44 84 48 88 48 63 59 34 56 25 7 85 65 77 6 0 71 72 99 1 56 97 71 35 9 57 30 59 95 31 20 8 99 86 90 45 88 20 16 42 85 79 30 1 27 40 45 93 14 95 51 23 3 31 53 13 36 51 38 49 17 92 72 46 69 53 91 78 2 50 22 17 3 80 17 76 77 30 32 54 93 71 91 100 96 25 
44 6 89 19 82 25 48 31 94 86 97 52 33 33 61 46 1 66 52 86 81 21 33 58 24 97 36 38 53 52 86 82 96 31 60 35 38 0 24 40 3 83 68 6 74 50 8 30 2 31 76 19 83 86 86 98 96 91 33 54 59 89 78 6 88 24 57 37 100 99 98 27 79 76 3 41 59 44 51 26 3 92 55 14 57 35 67 59 39 70 60 65 85 16 0 68 33 63 18 18 
63 36 29 79 32 16 87 85 79 30 57 58 63 15 32 92 58 98 15 84 8 14 86 51 88 91 26 12 5 2 15 7 98 27 14 2 69 70 4 23 77 0 97 37 42 58 74 59 93 93 23 58 82 63 99 78 85 74 85 92 42 59 52 11 53 35 4 10 64 88 61 39 77 6 15 82 89 73 66 11 8 78 69 92 30 5 35 38 18 80 23 37 37 10 98 7 52 69 28 93 
77 5 57 18 64 85 56 38 42 85 64 60 25 40 20 52 85 23 30 16 16 53 39 80 55 87 5 5 16 21 15 64 86 47 41 47 42 28 90 17 59 37 79 20 52 77 76 12 12 34 90 10 42 47 60 43 16 75 79 80 61 30 15 25 14 21 16 12 38 41 75 38 93 23 49 28 48 44 19 59 38 24 46 93 28 23 40 16 35 95 60 30 58 22 39 20 3 30 74 12 
41 22 76 52 58 21 37 27 4 45 7 50 47 39 59 57 62 73 82 0 78 48 1 27 7 8 81 74 37 35 31 43 75 78 68 11 60 87 20 99 11 3 64 15 41 47 58 44 94 39 13 20 47 86 83 1 99 30 83 57 50 82 67 77 86 51 34 56 93 66 10 66 13 23 1 53 1 42 82 27 91 63 85 63 51 35 34 80 71 65 66 58 47 34 37 55 12 15 53 51 
83 25 35 49 38 7 29 99 32 95 100 56 94 5 77 0 99 31 87 84 27 42 63 2 57 6 19 92 37 76 52 25 95 83 35 13 14 44 35 11 50 40 88 81 68 100 96 78 92 20 100 54 38 14 79 58 31 53 69 98 7 90 57 90 76 40 85 70 82 39 8 93 40 57 86 2 50 62 47 7 54 13 58 54 100 44 37 6 45 0 60 100 17 53 75 44 76 84 96 10 
73 54 65 33 77 90 11 5 67 45 15 69 80 67 41 61 38 15 76 35 13 60 61 84 70 68 66 81 66 44 48 13 45 65 57 74 52 5 79 48 74 48 75 56 66 74 79 40 84 6 48 41 4 70 48 37 70 52 66 6 87 64 12 92 96 84 3 30 83 63 27 17 22 22 91 19 61 21 6 50 62 86 89 33 95 23 17 65 16 23 88 26 10 2 44 64 24 4 59 74 
82 73 32 4 3 69 41 88 85 62 57 22 95 5 55 46 92 40 56 26 11 16 57 78 82 4 14 16 57 18 40 82 65 95 99 74 66 13 87 44 26 37 27 62 29 59 32 39 60 62 10 43 77 32 22 51 76 92 55 21 42 76 51 53 58 60 42 69 39 21 47 1 31 91 38 63 11 13 70 6 24 23 24 65 82 28 39 13 54 86 13 38 46 80 98 21 29 17 20 46 
99 44 35 75 99 42 15 31 83 68 65 99 67 86 48 0 27 30 18 12 23 64 28 95 13 45 79 67 46 41 3 30 75 0 8 58 63 68 67 35 30 10 77 42 15 28 27 86 26 93 55 4 14 10 5 14 55 7 35 89 96 94 19 70 79 85 93 90 67 56 52 47 41 56 44 34 50 10 15 37 8 75 72 63 96 38 83 24 41 40 41 77 45 38 83 29 5 64 27 12 
3 67 12 43 31 32 89 22 89 67 82 37 23 2 68 95 84 32 42 68 13 55 12 33 92 41 87 36 37 50 100 25 92 76 91 89 49 73 6 90 66 42 64 10 33 90 15 48 48 27 1 98 93 12 66 78 19 2 55 92 15 17 28 22 52 33 45 27 77 16 46 98 24 43 24 56 100 36 7 24 98 1 61 73 5 20 67 14 51 82 16 79 4 87 74 48 18 83 53 90 
68 83 49 98 87 4 70 83 20 37 70 69 66 33 83 47 94 33 40 88 10 69 28 72 73 19 84 50 61 20 79 70 26 43 60 20 72 91 52 53 27 37 70 67 51 4 88 28 25 88 52 21 23 84 28 21 60 20 34 14 95 50 48 94 74 14 59 43 89 88 58 77 2 67 24 6 9 13 17 63 46 78 44 66 4 52 41 62 25 58 49 2 26 2 76 38 29 2 6 44 
94 68 66 28 19 96 37 49 36 41 99 17 26 6 48 53 27 76 0 88 68 30 24 22 34 41 82 92 13 43 59 33 48 89 42 72 33 16 65 7 82 8 45 5 11 10 27 82 49 35 24 56 79 35 73 23 60 3 3 53 85 8 78 8 56 100 16 45 34 91 43 63 96 46 5 43 26 38 45 99 75 51 82 23 7 19 69 57 82 100 12 59 51 45 32 80 44 95 39 69 
46 51 65 64 24 50 22 52 22 65 16 52 67 56 16 34 90 92 98 49 24 87 17 10 82 16 52 17 80 4 70 98 53 14 18 26 54 8 25 53 4 87 16 9 95 4 64 33 32 36 51 68 3 17 58 24 12 67 20 8 77 40 100 37 54 76 90 94 44 27 80 23 85 66 70 54 57 88 94 23 29 34 1 28 67 30 44 56 17 45 26 36 55 80 25 65 14 24 31 1 
88 26 90 52 44 20 34 85 53 29 69 53 16 74 4 57 46 68 57 56 98 14 4 45 57 74 16 24 80 76 88 25 8 37 31 77 4 6 61 37 83 57 72 93 21 96 57 87 70 91 25 63 63 81 79 5 51 21 2 28 84 71 94 71 10 81 2 89 21 50 54 36 52 49 10 59 50 96 89 40 79 15 41 40 10 82 79 10 6 56 68 31 10 87 81 29 82 64 13 9 
66 6 5 35 44 9 8 93 93 11 6 81 18 38 3 5 76 13 92 81 72 39 12 3 8 89 67 87 55 41 52 32 2 90 81 90 71 48 40 97 71 76 74 83 87 31 0 4 61 20 34 45 59 69 66 7 39 67 81 86 82 60 42 32 22 98 46 87 61 83 82 87 82 13 62 29 36 76 48 22 54 68 88 1 10 69 10 93 64 62 39 63 39 81 88 13 51 74 53 45 
66 91 90 91 64 31 60 8 92 40 37 78 32 71 49 55 87 76 29 31 75 0 3 64 48 69 83 86 45 83 50 70 26 4 22 69 98 36 24 8 23 85 27 86 50 94 78 50 75 30 98 81 30 65 91 30 72 67 82 98 99 74 26 63 79 26 67 68 34 45 23 68 3 47 89 28 29 2 95 18 61 77 28 75 49 95 95 66 9 77 18 12 5 98 52 2 76 60 81 84 
78 85 90 8 15 99 52 60 82 6 9 25 18 37 29 71 9 19 57 42 13 97 64 48 43 95 5 55 26 46 73 64 0 95 43 46 20 52 100 17 47 65 87 13 37 52 4 23 96 93 81 1 23 47 70 91 44 10 40 24 32 11 58 76 71 34 36 26 90 27 14 93 50 33 96 24 70 98 86 26 9 21 80 15 42 17 78 7 80 0 55 89 100 80 46 45 50 20 38 2 
90 19 74 94 72 19 76 66 56 61 50 87 62 1 99 42 72 66 84 45 13 89 4 96 96 48 43 86 39 9 53 63 55 6 90 53 32 2 32 76 48 36 47 100 44 7 58 65 73 7 93 75 72 17 20 34 98 33 22 85 8 71 99 97 73 46 0 47 93 45 42 83 28 93 94 36 89 11 16 99 4 69 5 71 72 33 56 98 100 81 1 28 81 33 75 12 92 72 11 86 
19 24 8 94 9 6 7 97 34 40 37 4 82 74 36 30 26 65 11 74 77 51 88 60 33 90 8 42 15 63 24 77 5 50 78 83 60 21 88 22 74 62 74 24 54 87 48 67 37 24 15 71 48 39 94 55 46 12 84 62 35 26 99 95 81 56 75 11 34 28 76 5 13 98 39 24 66 11 46 11 14 34 42 95 0 15 99 0 99 60 64 36 53 9 87 70 44 6 85 17 
80 91 60 75 75 57 8 34 67 5 80 27 65 18 25 96 65 91 10 41 93 88 65 29 14 95 65 1 26 12 59 82 19 29 21 52 30 65 12 22 92 25 34 51 19 51 59 20 93 78 12 31 69 46 91 16 48 69 15 16 78 27 70 30 26 39 36 53 61 54 19 94 80 94 54 20 38 79 51 70 67 26 78 21 6 94 10 61 76 30 11 11 14 0 24 72 26 65 59 0 
69 1 46 94 33 64 16 30 25 99 19 15 85 20 89 50 99 78 16 20 96 28 30 34 93 58 69 96 41 75 45 66 13 68 22 61 56 7 66 12 12 95 83 28 95 16 46 56 63 82 58 42 91 24 81 11 10 31 7 64 92 24 14 93 86 70 11 60 23 48 77 63 64 52 87 87 51 1 94 26 89 13 20 45 27 43 40 94 5 16 67 44 23 55 41 55 13 2 45 56 
96 44 14 63 21 32 37 22 8 27 11 1 75 36 46 71 57 29 94 69 84 93 17 99 17 87 83 31 53 83 45 96 32 71 95 74 96 35 57 46 72 59 19 8 8 62 89 79 3 13 52 20 21 19 42 32 74 65 73 66 68 24 49 6 13 74 19 31 26 14 55 84 85 100 69 28 1 50 16 5 79 62 14 2 32 42 90 100 82 28 49 14 31 82 74 55 61 23 2 0 
26 10 33 61 72 81 9 2 42 77 30 94 0 30 99 76 45 97 38 82 38 10 100 85 77 38 24 30 66 98 58 53 43 19 69 24 59 51 37 84 47 15 66 25 77 24 57 50 0 62 4 1 86 73 2 81 1 19 82 54 83 27 98 27 34 30 79 90 99 31 1 60 33 45 52 47 65 87 83 20 53 54 7 68 13 72 58 25 59 91 47 17 78 57 21 0 38 87 54 2 
77 25 24 81 72 78 18 0 7 37 70 2 15 95 55 2 100 97 93 0 15 3 2 35 18 19 77 4 69 3 7 74 42 32 53 26 36 84 50 73 31 36 72 55 71 40 12 32 30 78 2 51 50 49 36 85 48 97 44 99 81 8 13 38 23 33 28 95 95 63 10 67 79 93 6 55 91 11 20 64 95 89 59 38 53 30 39 17 22 16 89 69 98 55 34 35 52 45 15 32 
46 62 47 6 14 16 55 32 15 96 70 72 37 18 13 79 11 8 94 50 38 99 94 65 77 47 4 79 36 28 82 5 91 84 73 82 71 99 58 45 1 44 39 56 74 91 53 75 52 38 82 100 66 11 7 7 65 43 5 22 65 91 3 52 54 27 1 5 33 1 19 30 28 44 51 28 79 59 10 8 6 97 35 83 72 75 30 31 20 21 85 37 19 97 90 77 37 0 72 82 
36 26 84 97 60 4 0 74 84 20 52 74 25 11 94 32 20 38 87 67 44 34 58 88 75 81 68 11 75 4 78 35 73 47 72 64 84 98 47 9 82 5 96 36 20 44 83 20 84 42 33 57 66 96 50 70 69 51 0 84 67 55 5 50 25 94 29 85 93 4 93 82 16 81 94 34 14 43 15 51 82 70 100 59 55 2 75 11 35 36 15 47 92 79 12 73 94 56 92 52 
13 75 90 14 67 7 89 8 78 18 11 51 93 17 40 64 85 19 30 79 36 60 48 46 2 24 56 94 78 79 95 5 37 61 90 94 29 34 76 41 61 77 81 92 38 72 57 59 9 18 67 12 6 87 71 0 29 41 79 26 36 81 70 35 41 65 6 18 41 78 5 11 29 99 69 52 90 99 26 29 91 63 54 47 97 40 45 82 92 91 4 31 59 1 79 10 18 86 66 56 
52 75 72 82 8 19 58 0 26 27 89 79 11 14 2 39 65 42 70 2 11 56 39 43 1 6 1 20 21 64 7 97 12 100 84 55 69 66 29 84 90 12 72 83 25 12 68 88 71 74 26 42 74 74 94 73 18 78 39 38 18 81 13 33 55 40 78 93 9 21 90 19 42 5 60 69 99 66 4 71 73 77 23 18 33 76 90 58 13 40 61 16 99 96 55 100 4 68 2 61 
68 65 2 100 19 62 22 18 45 3 46 67 25 68 23 16 50 62 64 53 51 78 41 13 53 56 1 54 29 58 63 82 21 10 37 14 4 73 3 61 0 80 96 57 8 100 93 9 19 28 22 35 21 66 5 3 59 13 58 21 76 61 78 50 32 88 28 73 33 1 75 56 68 16 40 48 63 22 2 44 22 95 91 69 57 20 90 7 80 20 24 96 28 43 50 10 53 18 53 5 
11 76 51 35 21 24 48 88 75 71 50 56 95 14 82 91 23 95 13 47 27 81 80 93 25 40 20 74 9 98 89 91 38 15 74 58 90 33 92 92 58 78 14 3 82 33 56 46 83 15 90 94 33 59 60 85 7 37 24 68 99 36 63 91 68 45 32 79 58 47 3 12 37 29 6 84 67 54 17 5 73 4 97 86 50 93 93 41 56 77 26 31 26 2 55 56 71 64 28 77 
21 20 46 7 8 17 9 27 7 12 17 87 84 37 36 28 69 87 68 34 22 77 57 28 68 81 5 4 63 97 64 90 3 8 28 94 52 5 36 8 71 90 0 83 83 29 4 91 27 57 89 15 91 12 71 20 14 19 10 49 68 88 32 54 84 68 53 47 48 11 24 70 67 15 75 83 5 72 48 93 26 21 62 81 50 96 28 43 11 68 97 48 62 4 5 96 10 82 2 62 
31 60 5 28 6 43 37 42 85 82 62 19 17 44 90 30 53 24 93 95 84 22 55 3 15 94 4 16 72 23 63 12 89 10 16 12 20 1 19 62 37 20 63 7 88 98 57 68 6 33 15 13 77 58 53 56 58 22 3 98 12 31 78 1 96 84 74 93 73 53 41 5 66 68 64 16 75 66 67 28 6 25 100 1 77 99 77 85 13 13 31 34 12 6 19 42 10 99 63 58 
1 69 60 58 64 91 45 52 99 69 50 96 9 92 27 82 7 34 52 21 76 56 98 92 64 33 48 61 58 81 96 27 48 4 60 64 38 20 72 67 60 71 90 43 43 97 96 26 97 42 4 81 96 13 91 88 7 76 93 80 87 15 47 25 48 51 79 92 20 1 31 36 11 10 95 86 74 48 73 13 36 47 86 3 58 96 59 68 8 63 66 90 46 96 8 48 15 47 52 36 
48 6 93 5 28 48 97 20 35 5 49 64 14 88 52 86 11 34 81 42 28 53 49 14 3 83 4 32 90 42 58 48 9 74 29 58 97 38 35 59 19 87 70 56 44 97 38 30 98 18 10 40 98 71 9 18 76 38 92 21 81 33 69 25 16 97 32 0 81 89 52 32 46 67 14 86 30 51 19 76 98 60 14 32 92 31 96 17 78 85 82 94 1 29 99 8 89 76 67 47 
10 70 6 5 19 72 51 68 80 16 86 85 70 83 51 92 13 54 58 93 16 68 33 60 86 0 48 18 66 47 52 26 46 86 70 62 48 84 1 78 19 97 34 14 86 95 14 35 24 36 25 78 61 65 100 1 94 20 56 78 56 34 23 76 25 59 44 91 60 2 59 48 23 7 12 31 72 0 96 36 52 21 68 39 22 87 79 76 96 24 100 83 43 41 89 65 32 89 68 90 
54 27 9 26 35 64 96 78 96 74 82 27 25 33 28 51 66 34 14 93 68 29 66 32 98 83 24 59 26 35 95 66 23 45 8 100 43 46 78 83 38 78 75 47 69 46 45 85 33 55 28 5 93 45 7 48 9 63 30 62 45 15 93 3 22 50 75 37 59 52 78 10 17 100 62 85 77 56 53 45 60 30 47 50 60 54 81 55 77 86 15 89 29 81 6 59 35 16 90 34 
21 18 60 98 56 84 35 91 29 10 1 77 2 50 48 37 22 79 71 18 42 45 52 76 47 59 37 50 20 96 38 51 55 50 39 52 48 17 65 87 18 12 63 100 92 4 97 71 52 79 50 42 25 88 56 56 11 40 52 90 25 92 22 68 75 93 69 29 25 89 19 16 52 48 75 13 74 29 56 10 10 85 6 34 100 84 1 28 61 89 28 11 30 18 90 94 67 5 99 66 
36 96 62 72 16 71 44 47 94 22 45 64 96 31 55 38 46 58 71 15 8 64 16 100 66 14 8 52 86 67 80 11 14 88 22 43 89 44 7 47 75 34 23 2 45 50 13 21 55 4 42 13 37 22 31 22 93 15 37 10 57 20 87 74 69 98 60 53 65 56 35 75 72 12 90 71 28 64 47 19 2 35 53 2 9 0 75 30 69 15 71 39 86 96 79 58 68 76 70 6 
13 12 22 6 36 21 87 62 6 93 49 75 63 44 91 28 40 13 76 82 77 77 34 68 47 44 78 34 48 31 70 50 47 69 35 33 23 44 25 13 53 7 5 35 67 98 24 62 36 2 47 1 98 50 4 45 36 9 35 95 36 35 14 85 37 25 19 55 77 36 4 37 48 6 15 75 86 6 88 68 72 37 65 25 48 94 92 29 40 82 20 100 77 78 59 57 21 48 37 44 
67 88 81 28 90 70 97 5 51 50 1 24 5 38 61 40 35 13 70 53 83 54 66 24 12 63 25 44 63 3 44 77 81 39 23 28 57 93 57 64 48 45 9 42 84 40 7 3 48 75 60 28 29 11 37 16 44 71 94 57 38 90 37 16 90 8 98 47 9 6 63 5 76 61 32 22 67 65 19 2 75 30 76 84 31 43 33 74 31 5 64 9 56 19 34 72 58 54 31 0 
83 73 37 23 67 77 72 75 53 54 8 38 7 5 21 63 50 42 77 59 84 55 11 55 64 94 30 100 82 61 69 99 30 48 76 82 54 73 59 76 52 15 71 29 12 11 51 3 83 96 62 67 46 13 60 9 14 54 37 70 12 76 59 61 74 70 11 98 98 100 31 62 98 47 3 71 49 65 45 28 11 27 90 23 58 35 43 40 18 19 90 51 26 42 31 81 21 49 9 69 
53 83 49 94 9 90 20 73 77 17 75 32 21 94 63 83 86 27 67 38 38 87 39 49 17 9 88 32 46 25 81 41 14 19 11 80 35 31 72 43 56 0 54 47 52 28 57 4 65 71 40 96 2 56 57 13 24 13 70 60 20 32 17 72 84 18 19 81 47 28 97 51 54 43 49 87 74 51 10 43 37 52 12 9 39 63 84 9 33 52 58 41 39 2 95 67 79 43 52 33 
39 98 56 48 94 78 91 94 88 28 78 20 11 26 8 34 16 2 100 86 92 53 43 74 86 78 68 36 77 2 97 98 9 71 100 1 34 71 14 86 74 50 32 63 68 53 44 14 64 42 69 0 97 94 21 94 64 43 100 57 18 98 97 91 56 83 32 99 75 8 74 57 65 41 78 52 15 45 64 34 21 88 25 40 14 54 86 11 18 69 79 91 60 71 91 61 74 50 88 29 
64 98 19 63 83 16 92 5 5 3 30 80 39 72 77 39 36 15 42 99 49 48 39 83 43 1 44 36 4 16 3 65 46 62 70 72 40 89 85 72 39 46 24 97 62 40 61 83 34 45 73 0 66 71 42 30 1 26 18 60 64 9 16 97 1 66 22 74 88 29 94 12 63 75 84 78 12 36 14 80 20 33 65 87 0 70 40 63 27 9 50 92 64 57 58 20 20 41 23 67 
66 95 17 57 42 13 65 42 65 99 70 7 29 84 93 80 99 79 25 33 32 30 91 65 98 40 12 90 15 77 46 92 38 45 80 97 91 65 10 72 89 74 62 40 49 49 58 27 26 91 92 12 52 7 100 4 52 0 79 66 11 70 33 53 82 53 34 28 6 2 69 47 22 47 17 77 8 77 43 89 58 85 33 84 44 20 60 18 44 48 14 84 54 42 20 89 87 2 45 30 
51 9 23 2 85 100 66 58 37 18 19 62 60 97 96 36 54 40 78 58 12 46 100 8 47 46 61 58 74 19 20 99 89 79 52 83 88 26 43 96 43 88 83 11 37 35 77 76 55 17 73 20 2 24 71 100 41 81 63 53 12 79 14 6 84 62 12 49 41 47 10 10 90 59 26 3 76 97 33 78 38 45 30 60 83 80 81 20 98 12 79 34 33 15 94 92 40 84 80 63 
49 70 12 62 61 28 75 51 78 73 64 61 3 70 82 0 7 84 25 20 83 39 52 93 85 34 53 64 78 36 67 61 83 71 84 74 33 73 27 58 45 25 41 56 93 64 68 88 38 47 43 83 41 79 26 27 50 18 21 78 46 42 78 61 90 98 86 93 20 72 78 6 17 24 76 85 60 11 36 59 7 27 41 30 16 41 51 87 9 87 88 84 2 38 12 100 75 5 97 16 
14 12 97 48 33 16 55 29 60 81 48 6 18 60 7 99 13 35 2 30 52 96 36 12 5 34 32 30 11 36 22 52 34 38 20 69 4 47 1 43 93 48 73 36 21 85 17 43 43 91 53 65 43 39 5 49 44 98 72 100 85 29 97 55 40 85 28 1 74 32 44 64 88 27 81 16 50 80 58 57 34 84 43 10 38 31 37 2 78 10 36 49 51 29 17 19 73 41 91 99 
30 100 70 47 44 18 58 87 93 27 8 51 60 66 13 64 57 94 95 22 78 9 59 19 25 83 0 10 98 43 70 34 48 51 57 27 79 16 100 60 12 8 51 41 12 42 61 17 34 97 24 32 25 82 87 89 31 8 52 52 70 75 33 58 38 51 86 56 16 1 4 85 88 50 78 14 63 65 94 25 64 2 23 74 53 7 52 73 87 72 88 69 56 52 59 73 17 54 40 61 
59 50 68 91 25 46 55 5 91 81 75 59 56 100 7 0 4 38 13 97 3 48 80 92 15 93 57 76 23 93 97 96 81 73 84 96 81 80 32 78 71 38 89 32 85 95 19 26 11 30 81 69 6 85 29 86 67 76 45 19 17 19 87 38 40 5 93 75 90 32 78 79 99 35 10 92 24 21 40 10 45 13 68 31 22 100 72 40 35 25 12 32 83 47 26 43 67 70 80 74 
5 67 97 53 59 53 80 30 71 86 43 74 46 88 57 62 39 70 51 71 44 27 87 86 29 9 32 51 51 43 60 11 13 81 24 68 8 43 5 33 57 55 75 18 23 70 69 79 60 52 59 53 4 10 2 74 90 52 28 79 26 73 26 58 52 10 88 28 13 92 31 29 91 86 39 11 4 39 24 14 41 98 51 11 34 73 82 80 100 73 87 32 76 62 63 52 87 84 3 1 
79 78 7 3 71 0 55 34 2 0 45 68 31 49 45 71 30 85 49 41 28 97 16 2 74 71 5 54 85 6 29 61 40 78 8 28 76 15 60 72 94 13 75 97 78 26 11 98 33 98 76 1 58 28 50 19 93 93 73 24 67 45 35 42 100 2 28 90 21 15 22 45 7 31 34 76 53 24 14 15 45 47 10 47 21 92 98 60 71 78 6 22 21 46 76 11 99 75 17 36 
52 74 32 60 98 3 82 26 77 10 35 8 95 88 20 56 16 88 74 25 2 3 18 18 82 34 99 18 62 59 29 13 81 11 27 42 73 4 53 41 65 99 46 2 31 2 96 50 66 65 42 49 59 5 31 60 74 35 85 29 39 23 15 8 33 75 68 81 26 80 39 42 72 13 13 4 18 84 48 73 44 58 96 23 69 60 13 52 6 43 49 32 97 0 56 55 39 21 58 83 
100 25 17 21 91 26 76 10 64 88 21 24 30 67 43 65 54 47 93 86 51 40 69 95 26 81 95 56 37 28 53 77 72 51 24 12 52 25 65 24 6 95 26 52 91 1 51 86 79 72 95 19 15 87 89 91 10 24 4 52 40 87 41 9 90 6 68 2 54 56 94 59 50 34 38 84 78 44 54 89 48 40 28 56 64 48 19 8 45 1 3 45 80 91 33 53 25 72 31 34 
62 91 12 2 65 81 23 83 60 28 68 65 46 26 37 60 62 41 54 71 42 87 48 73 16 44 4 91 93 46 19 61 65 21 32 63 56 98 19 73 64 1 31 75 16 20 34 4 81 56 63 90 84 62 63 96 2 42 19 52 77 70 63 60 28 69 64 39 78 55 70 90 64 42 91 54 25 65 70 79 11 7 92 71 41 54 92 76 75 43 28 60 13 94 98 96 41 63 93 16 
56 53 55 89 12 88 56 78 25 37 1 82 41 92 46 98 20 67 88 74 90 13 49 16 67 47 81 96 40 32 91 7 93 26 46 87 23 86 8 70 88 4 34 16 94 49 29 38 98 23 54 60 92 94 67 67 20 16 44 20 16 38 20 42 24 10 97 14 28 80 46 74 54 84 88 58 89 43 20 46 41 58 76 40 47 46 20 97 32 55 19 36 44 57 33 57 59 22 2 33 
54 92 15 10 95 34 26 49 59 72 61 60 66 42 80 75 13 0 30 68 4 83 16 55 63 28 45 83 62 74 22 86 18 50 26 98 100 33 1 60 84 75 97 35 32 21 17 32 84 65 58 8 88 97 5 58 87 3 10 24 57 91 1 2 74 63 50 28 81 28 38 39 49 50 56 91 6 63 91 77 37 66 64 8 62 67 19 75 43 0 73 24 72 52 79 83 35 97 82 8 
69 37 44 56 83 42 53 63 8 9 92 75 80 3 28 49 95 82 98 35 76 96 92 55 66 22 83 1 96 28 75 91 3 58 39 27 76 26 67 26 13 96 76 26 57 75 47 76 43 95 28 39 86 62 21 17 21 75 1 76 3 49 94 70 63 74 34 1 85 30 70 28 43 92 43 100 1 54 20 16 44 64 2 85 43 92 95 68 24 44 61 88 94 11 67 39 19 17 70 93 
66 5 71 46 11 93 98 80 29 0 24 99 18 16 65 52 92 41 25 85 85 52 31 23 61 88 44 33 13 80 94 83 49 81 73 31 51 67 64 61 47 8 62 75 13 85 51 35 99 30 27 77 10 77 69 83 6 2 44 16 43 66 19 68 54 21 67 84 0 56 79 14 39 84 42 28 53 62 68 89 8 72 36 24 79 84 89 28 55 98 88 10 41 75 57 1 96 2 46 60 
54 94 51 18 84 1 93 78 79 45 87 7 47 67 38 9 3 19 30 92 82 28 64 28 43 73 90 78 81 52 6 52 79 44 73 10 46 24 41 96 85 77 28 77 24 50 6 68 27 77 33 40 6 53 29 35 10 77 54 71 2 98 98 57 50 93 64 3 96 83 25 14 37 17 73 24 51 46 85 24 41 7 18 72 16 82 85 38 50 6 21 92 17 61 23 66 73 70 66 69 
69 99 78 75 94 54 36 68 28 22 95 62 24 66 29 15 100 64 21 81 56 73 92 100 85 60 66 2 9 51 50 42 98 37 65 28 61 27 36 50 9 8 55 1 78 75 90 97 86 30 76 40 59 25 36 92 50 24 87 96 43 98 57 47 64 95 41 59 58 8 90 45 3 63 78 46 77 50 39 89 16 55 35 69 82 3 41 68 100 29 67 3 46 94 8 1 72 14 42 85 
37 34 29 57 58 88 62 29 83 74 32 46 45 83 24 28 72 66 59 33 91 19 4 96 1 15 96 77 90 10 44 66 58 43 39 75 70 23 60 84 65 4 69 81 15 73 79 39 37 53 3 81 74 36 96 12 89 48 16 56 79 31 28 28 10 68 18 92 11 35 57 76 81 28 32 0 78 95 21 52 71 5 73 35 5 8 9 41 95 79 96 86 97 89 42 32 94 12 21 44 
64 24 38 52 2 32 21 30 61 21 19 21 73 36 92 52 71 9 26 22 26 74 48 4 34 83 59 47 23 53 46 13 25 93 79 4 94 65 87 36 12 33 18 16 83 29 91 30 69 15 42 37 80 75 31 23 21 32 38 64 58 10 69 77 100 54 69 73 36 5 49 24 57 79 27 38 39 97 32 32 86 39 72 24 61 56 60 98 16 76 76 97 47 49 22 85 92 67 90 58 
8 50 65 91 83 79 45 11 59 62 5 8 49 14 30 9 89 83 29 11 74 31 41 64 41 59 69 3 41 17 70 6 1 73 96 95 86 51 94 99 26 34 74 83 27 71 30 65 9 1 23 24 24 2 81 87 68 60 37 46 71 78 0 24 98 30 0 33 14 72 63 59 5 30 24 49 80 3 91 94 78 32 87 91 84 64 16 94 51 71 90 89 6 11 30 8 56 34 36 71 
46 50 61 23 14 29 22 97 19 93 1 10 4 16 48 81 41 68 29 89 28 48 97 49 76 51 44 66 94 13 12 81 39 63 43 38 67 0 58 51 88 72 30 70 29 61 73 95 34 85 48 64 90 99 47 70 34 82 34 0 74 65 87 1 27 36 72 50 59 92 80 61 75 3 45 27 0 26 93 77 28 66 76 48 16 81 48 10 40 19 6 97 0 78 10 75 93 29 15 28 
53 69 5 91 91 83 82 43 50 37 82 69 83 92 9 7 89 54 80 1 33 50 25 93 98 62 45 99 27 54 37 86 56 60 90 41 41 60 33 78 78 48 0 67 79 96 20 70 48 78 53 16 66 91 29 23 70 67 20 6 0 50 63 81 6 66 82 80 61 54 7 77 44 39 12 90 31 9 35 86 19 50 62 89 14 22 8 89 90 29 11 24 3 44 34 87 0 80 77 39 
64 47 92 24 49 84 100 31 10 92 80 97 20 69 25 96 70 91 55 96 99 99 0 95 25 85 6 98 52 52 66 38 20 43 7 41 48 89 16 36 96 38 82 2 15 87 99 67 8 43 73 98 31 10 87 67 60 18 80 29 75 1 75 20 19 2 70 26 90 51 28 7 10 83 36 8 17 80 98 58 68 83 98 79 47 82 82 21 77 79 29 4 35 59 58 50 62 92 89 6 
82 58 82 79 12 74 12 58 86 2 71 92 73 16 34 37 79 19 97 83 44 35 85 93 47 67 43 0 92 80 39 24 87 70 68 76 18 28 16 15 19 28 65 16 26 92 72 73 50 23 88 4 16 24 22 96 8 3 33 0 5 91 80 14 31 53 0 75 28 11 82 41 30 96 16 38 98 44 47 65 47 31 98 67 94 98 68 99 96 87 70 19 20 100 8 68 58 83 72 17 
53 39 6 2 17 82 36 54 64 96 75 9 42 21 58 77 93 50 87 7 61 38 6 2 0 87 42 1 62 88 62 28 32 25 20 99 5 39 41 8 35 52 60 61 40 64 32 44 85 47 0 75 76 87 82 71 34 68 59 24 21 10 72 3 22 79 57 43 24 66 23 82 84 51 92 18 39 34 92 2 43 51 72 20 46 82 77 6 77 1 9 24 56 4 14 18 65 27 96 35 
13 96 15 95 69 59 24 34 50 29 78 26 33 90 95 80 87 33 31 91 33 7 84 48 56 90 43 85 5 74 75 60 26 100 34 11 11 25 27 41 84 82 44 59 100 2 78 10 86 15 5 79 15 96 70 71 80 27 34 54 6 83 75 91 91 8 7 38 6 64 55 23 37 92 70 98 18 90 79 22 33 72 68 83 9 44 13 48 17 28 9 33 29 99 3 74 54 51 65 17 
71 0 3 44 81 53 79 82 75 97 14 26 32 43 11 27 97 68 99 74 14 95 45 37 72 18 66 12 10 22 64 56 5 63 80 56 11 31 38 96 39 51 48 28 49 40 2 32 37 52 87 30 77 9 62 30 36 30 2 80 88 74 26 52 74 70 34 25 59 2 92 28 11 72 21 19 51 7 87 98 2 52 17 19 12 75 20 53 83 73 69 68 95 18 55 63 71 79 6 0 
64 96 70 20 20 43 66 47 52 97 36 28 33 51 56 58 11 21 97 74 86 84 41 45 46 7 35 89 14 8 9 21 85 84 14 87 66 8 56 79 49 26 57 89 69 58 12 28 89 38 97 48 86 79 24 38 23 21 1 89 71 90 43 37 52 19 60 24 40 54 65 49 11 91 19 65 50 8 89 64 38 28 89 80 77 83 3 84 62 30 94 70 85 7 95 86 49 11 13 77 
27 72 76 100 48 58 36 42 22 73 74 66 55 75 58 74 41 71 56 80 47 99 17 85 83 28 68 94 56 34 8 64 85 3 72 46 12 70 44 62 25 18 69 9 45 26 50 22 94 72 38 23 51 39 0 87 27 76 28 63 97 38 37 53 87 79 51 10 99 27 47 44 87 82 74 65 43 26 56 69 53 53 68 44 80 9 51 40 48 55 27 42 47 9 65 1 35 1 47 4 
51 32 86 86 93 42 90 15 32 12 26 92 87 85 47 62 99 65 82 53 90 0 42 77 78 17 41 8 63 16 39 23 90 29 81 90 38 42 87 54 61 14 89 63 24 46 55 57 62 69 29 75 12 80 53 12 21 91 92 45 4 5 61 59 31 61 4 34 29 92 17 56 2 92 63 39 98 34 78 12 81 47 10 14 50 25 58 23 75 63 34 75 84 75 80 87 3 70 1 78 
73 74 26 55 41 48 54 98 21 13 90 10 56 88 8 82 78 94 62 27 6 48 94 15 30 47 61 94 33 31 57 29 23 27 77 80 5 78 97 33 75 97 93 28 2 90 53 68 50 71 97 48 17 15 44 73 83 31 17 12 12 30 28 2 30 70 62 55 67 79 38 24 31 46 55 65 52 72 23 15 9 18 82 12 44 28 2 65 88 61 82 12 58 92 100 0 29 65 95 18 
42 96 2 4 14 96 61 49 62 51 71 25 64 96 67 91 78 75 36 83 68 11 90 90 53 70 74 24 96 74 24 0 43 20 27 24 35 37 91 83 93 63 45 48 63 8 5 43 26 37 100 5 60 40 43 37 31 70 84 95 39 96 33 58 65 80 25 55 78 34 3 35 68 85 20 77 74 54 0 82 36 23 40 99 32 64 49 27 71 64 55 14 96 11 62 35 64 53 38 88 
63 29 22 33 71 92 73 75 8 48 45 52 7 70 80 95 36 62 83 97 77 8 94 38 40 67 37 26 25 9 87 49 99 65 40 52 44 99 22 6 80 62 100 93 96 77 19 97 90 56 10 63 7 26 28 21 85 18 24 58 86 95 66 66 82 88 11 17 70 28 81 99 49 41 93 3 5 65 26 61 37 82 54 30 34 13 83 30 38 15 22 18 46 58 15 92 52 58 58 40 
4 47 56 85 1 86 96 38 97 81 71 26 37 87 66 37 10 56 26 20 25 35 59 95 36 61 89 84 85 9 52 94 36 49 16 70 90 62 47 32 100 31 77 79 25 49 65 30 94 16 18 16 49 78 84 91 45 43 80 25 8 57 75 52 17 92 17 47 46 6 37 14 62 50 9 0 93 82 48 54 25 10 68 68 17 28 87 85 39 37 57 75 21 16 71 53 46 73 74 88 
98 96 34 30 12 37 50 43 97 35 92 5 92 19 54 99 75 30 72 64 9 95 79 20 15 76 54 93 22 1 35 1 57 9 47 77 21 31 37 97 63 87 69 7 1 48 46 62 97 57 27 53 22 25 95 8 22 1 83 60 56 98 53 44 95 84 70 48 34 44 59 30 80 82 66 65 25 3 97 89 35 33 16 35 57 69 47 27 79 50 95 92 3 7 28 59 81 27 20 3 
6 66 34 89 64 52 19 23 62 8 48 51 78 78 25 39 36 57 43 64 51 14 2 63 66 6 17 71 51 96 39 20 45 79 58 86 17 31 52 90 68 61 42 28 37 60 36 19 46 83 8 30 31 81 78 3 48 61 52 6 83 70 76 46 72 5 64 55 74 17 79 68 46 23 41 57 60 94 71 13 100 39 31 34 84 72 61 2 19 17 59 73 46 100 92 83 52 41 86 95 
41 45 81 6 71 10 51 81 44 0 63 96 58 18 10 22 6 0 79 49 80 53 26 6 29 6 48 60 8 54 64 39 90 69 30 8 31 98 88 1 70 30 48 28 37 96 63 94 22 41 64 14 91 76 27 36 38 95 42 1 63 80 70 51 34 48 91 33 100 70 62 81 76 41 55 82 39 79 93 1 29 87 85 15 8 37 2 36 88 78 81 51 62 42 67 14 66 60 77 85 
71 27 32 68 92 56 93 68 98 2 3 38 4 67 50 70 24 61 9 42 38 93 32 39 95 91 64 1 99 20 64 17 34 7 92 50 71 1 39 25 28 24 61 47 92 100 7 23 60 29 77 29 59 34 64 93 70 5 35 7 35 31 18 42 98 26 61 62 91 72 50 94 95 98 28 10 100 84 24 57 78 30 28 29 17 7 97 89 8 51 93 64 100 78 67 60 50 44 91 51 
95 50 31 96 59 89 15 5 0 82 77 59 24 72 83 38 65 80 36 0 80 53 22 19 39 0 37 39 82 3 63 43 59 79 29 22 70 65 87 67 32 66 46 29 80 33 48 19 69 16 55 27 89 92 87 18 73 93 40 32 28 28 28 9 33 60 63 51 12 5 39 79 79 91 16 80 27 92 37 53 28 5 84 31 26 97 31 81 97 0 68 61 57 50 32 41 34 37 93 72 
36 27 50 85 34 71 5 69 1 56 27 85 91 59 42 28 12 73 1 46 5 91 28 76 69 53 52 30 56 46 56 43 61 56 86 45 49 8 85 2 9 42 76 17 42 56 48 23 55 40 10 100 75 40 57 43 22 56 98 65 71 72 88 16 34 52 2 83 97 75 1 51 80 65 8 73 41 24 63 0 78 16 50 32 43 52 53 70 48 68 51 28 1 55 97 74 76 43 17 15 
11 85 100 87 54 75 48 5 30 28 70 3 52 49 93 16 37 72 36 29 58 68 42 24 64 15 28 61 5 63 50 20 6 92 20 23 79 58 30 17 6 67 79 54 93 95 8 39 60 89 25 58 27 78 22 61 58 64 47 62 56 13 78 88 59 8 24 69 20 14 81 92 38 88 85 76 81 27 74 99 81 92 49 40 91 43 67 62 74 36 17 83 30 49 64 25 74 59 56 33 
