1 1 1 1 1 1 1 1 1 1 1 1 1 1 1 1 1 1 1 1 1 1 1 1 1 1 1 1 1 1 1 1 1 1 1 1 1 1 1 1 1 1 1 1 1 1 1 1 1 1 0 0 0 0 0 0 0 0 0 0 0 0 0 0 0 0 0 0 0 0 0 0 0 0 0 0 0 0 0 0 0 0 0 0 0 0 0 0 0 0 0 0 0 0 0 0 0 0 0 0 
1 1 1 1 1 1 1 1 1 1 1 1 1 1 1 1 1 1 1 1 1 1 1 1 1 1 1 1 1 1 1 1 1 1 1 1 1 1 1 1 1 1 1 1 1 1 1 1 1 1 0 0 0 0 0 0 0 0 0 0 0 0 0 0 0 0 0 0 0 0 0 0 0 0 0 0 0 0 0 0 0 0 0 0 0 0 0 0 0 0 0 0 0 0 0 0 0 0 0 0 
1 1 1 1 1 1 1 1 1 1 1 1 1 1 1 1 1 1 1 1 1 1 1 1 1 1 1 1 1 1 1 1 1 1 1 1 1 1 1 1 1 1 1 1 1 1 1 1 1 1 0 0 0 0 0 0 0 0 0 0 0 0 0 0 0 0 0 0 0 0 0 0 0 0 0 0 0 0 0 0 0 0 0 0 0 0 0 0 0 0 0 0 0 0 0 0 0 0 0 0 
1 1 1 1 1 1 1 1 1 1 1 1 1 1 1 1 1 1 1 1 1 1 1 1 1 1 1 1 1 1 1 1 1 1 1 1 1 1 1 1 1 1 1 1 1 1 1 1 1 1 0 0 0 0 0 0 0 0 0 0 0 0 0 0 0 0 0 0 0 0 0 0 0 0 0 0 0 0 0 0 0 0 0 0 0 0 0 0 0 0 0 0 0 0 0 0 0 0 0 0 
1 1 1 1 1 1 1 1 1 1 1 1 1 1 1 1 1 1 1 1 1 1 1 1 1 1 1 1 1 1 1 1 1 1 1 1 1 1 1 1 1 1 1 1 1 1 1 1 1 1 0 0 0 0 0 0 0 0 0 0 0 0 0 0 0 0 0 0 0 0 0 0 0 0 0 0 0 0 0 0 0 0 0 0 0 0 0 0 0 0 0 0 0 0 0 0 0 0 0 0 
1 1 1 1 1 1 1 1 1 1 1 1 1 1 1 1 1 1 1 1 1 1 1 1 1 1 1 1 1 1 1 1 1 1 1 1 1 1 1 1 1 1 1 1 1 1 1 1 1 1 0 0 0 0 0 0 0 0 0 0 0 0 0 0 0 0 0 0 0 0 0 0 0 0 0 0 0 0 0 0 0 0 0 0 0 0 0 0 0 0 0 0 0 0 0 0 0 0 0 0 
1 1 1 1 1 1 1 1 1 1 1 1 1 1 1 1 1 1 1 1 1 1 1 1 1 1 1 1 1 1 1 1 1 1 1 1 1 1 1 1 1 1 1 1 1 1 1 1 1 1 0 0 0 0 0 0 0 0 0 0 0 0 0 0 0 0 0 0 0 0 0 0 0 0 0 0 0 0 0 0 0 0 0 0 0 0 0 0 0 0 0 0 0 0 0 0 0 0 0 0 
1 1 1 1 1 1 1 1 1 1 1 1 1 1 1 1 1 1 1 1 1 1 1 1 1 1 1 1 1 1 1 1 1 1 1 1 1 1 1 1 1 1 1 1 1 1 1 1 1 1 0 0 0 0 0 0 0 0 0 0 0 0 0 0 0 0 0 0 0 0 0 0 0 0 0 0 0 0 0 0 0 0 0 0 0 0 0 0 0 0 0 0 0 0 0 0 0 0 0 0 
1 1 1 1 1 1 1 1 1 1 1 1 1 1 1 1 1 1 1 1 1 1 1 1 1 1 1 1 1 1 1 1 1 1 1 1 1 1 1 1 1 1 1 1 1 1 1 1 1 1 0 0 0 0 0 0 0 0 0 0 0 0 0 0 0 0 0 0 0 0 0 0 0 0 0 0 0 0 0 0 0 0 0 0 0 0 0 0 0 0 0 0 0 0 0 0 0 0 0 0 
1 1 1 1 1 1 1 1 1 1 1 1 1 1 1 1 1 1 1 1 1 1 1 1 1 1 1 1 1 1 1 1 1 1 1 1 1 1 1 1 1 1 1 1 1 1 1 1 1 1 0 0 0 0 0 0 0 0 0 0 0 0 0 0 0 0 0 0 0 0 0 0 0 0 0 0 0 0 0 0 0 0 0 0 0 0 0 0 0 0 0 0 0 0 0 0 0 0 0 0 
1 1 1 1 1 1 1 1 1 1 1 1 1 1 1 1 1 1 1 1 1 1 1 1 1 1 1 1 1 1 1 1 1 1 1 1 1 1 1 1 1 1 1 1 1 1 1 1 1 1 0 0 0 0 0 0 0 0 0 0 0 0 0 0 0 0 0 0 0 0 0 0 0 0 0 0 0 0 0 0 0 0 0 0 0 0 0 0 0 0 0 0 0 0 0 0 0 0 0 0 
1 1 1 1 1 1 1 1 1 1 1 1 1 1 1 1 1 1 1 1 1 1 1 1 1 1 1 1 1 1 1 1 1 1 1 1 1 1 1 1 1 1 1 1 1 1 1 1 1 1 0 0 0 0 0 0 0 0 0 0 0 0 0 0 0 0 0 0 0 0 0 0 0 0 0 0 0 0 0 0 0 0 0 0 0 0 0 0 0 0 0 0 0 0 0 0 0 0 0 0 
1 1 1 1 1 1 1 1 1 1 1 1 1 1 1 1 1 1 1 1 1 1 1 1 1 1 1 1 1 1 1 1 1 1 1 1 1 1 1 1 1 1 1 1 1 1 1 1 1 1 0 0 0 0 0 0 0 0 0 0 0 0 0 0 0 0 0 0 0 0 0 0 0 0 0 0 0 0 0 0 0 0 0 0 0 0 0 0 0 0 0 0 0 0 0 0 0 0 0 0 
1 1 1 1 1 1 1 1 1 1 1 1 1 1 1 1 1 1 1 1 1 1 1 1 1 1 1 1 1 1 1 1 1 1 1 1 1 1 1 1 1 1 1 1 1 1 1 1 1 1 0 0 0 0 0 0 0 0 0 0 0 0 0 0 0 0 0 0 0 0 0 0 0 0 0 0 0 0 0 0 0 0 0 0 0 0 0 0 0 0 0 0 0 0 0 0 0 0 0 0 
1 1 1 1 1 1 1 1 1 1 1 1 1 1 1 1 1 1 1 1 1 1 1 1 1 1 1 1 1 1 1 1 1 1 1 1 1 1 1 1 1 1 1 1 1 1 1 1 1 1 0 0 0 0 0 0 0 0 0 0 0 0 0 0 0 0 0 0 0 0 0 0 0 0 0 0 0 0 0 0 0 0 0 0 0 0 0 0 0 0 0 0 0 0 0 0 0 0 0 0 
1 1 1 1 1 1 1 1 1 1 1 1 1 1 1 1 1 1 1 1 1 1 1 1 1 1 1 1 1 1 1 1 1 1 1 1 1 1 1 1 1 1 1 1 1 1 1 1 1 1 0 0 0 0 0 0 0 0 0 0 0 0 0 0 0 0 0 0 0 0 0 0 0 0 0 0 0 0 0 0 0 0 0 0 0 0 0 0 0 0 0 0 0 0 0 0 0 0 0 0 
1 1 1 1 1 1 1 1 1 1 1 1 1 1 1 1 1 1 1 1 1 1 1 1 1 1 1 1 1 1 1 1 1 1 1 1 1 1 1 1 1 1 1 1 1 1 1 1 1 1 0 0 0 0 0 0 0 0 0 0 0 0 0 0 0 0 0 0 0 0 0 0 0 0 0 0 0 0 0 0 0 0 0 0 0 0 0 0 0 0 0 0 0 0 0 0 0 0 0 0 
1 1 1 1 1 1 1 1 1 1 1 1 1 1 1 1 1 1 1 1 1 1 1 1 1 1 1 1 1 1 1 1 1 1 1 1 1 1 1 1 1 1 1 1 1 1 1 1 1 1 0 0 0 0 0 0 0 0 0 0 0 0 0 0 0 0 0 0 0 0 0 0 0 0 0 0 0 0 0 0 0 0 0 0 0 0 0 0 0 0 0 0 0 0 0 0 0 0 0 0 
1 1 1 1 1 1 1 1 1 1 1 1 1 1 1 1 1 1 1 1 1 1 1 1 1 1 1 1 1 1 1 1 1 1 1 1 1 1 1 1 1 1 1 1 1 1 1 1 1 1 0 0 0 0 0 0 0 0 0 0 0 0 0 0 0 0 0 0 0 0 0 0 0 0 0 0 0 0 0 0 0 0 0 0 0 0 0 0 0 0 0 0 0 0 0 0 0 0 0 0 
1 1 1 1 1 1 1 1 1 1 1 1 1 1 1 1 1 1 1 1 1 1 1 1 1 1 1 1 1 1 1 1 1 1 1 1 1 1 1 1 1 1 1 1 1 1 1 1 1 1 0 0 0 0 0 0 0 0 0 0 0 0 0 0 0 0 0 0 0 0 0 0 0 0 0 0 0 0 0 0 0 0 0 0 0 0 0 0 0 0 0 0 0 0 0 0 0 0 0 0 
1 1 1 1 1 1 1 1 1 1 1 1 1 1 1 1 1 1 1 1 1 1 1 1 1 1 1 1 1 1 1 1 1 1 1 1 1 1 1 1 1 1 1 1 1 1 1 1 1 1 0 0 0 0 0 0 0 0 0 0 0 0 0 0 0 0 0 0 0 0 0 0 0 0 0 0 0 0 0 0 0 0 0 0 0 0 0 0 0 0 0 0 0 0 0 0 0 0 0 0 
1 1 1 1 1 1 1 1 1 1 1 1 1 1 1 1 1 1 1 1 1 1 1 1 1 1 1 1 1 1 1 1 1 1 1 1 1 1 1 1 1 1 1 1 1 1 1 1 1 1 0 0 0 0 0 0 0 0 0 0 0 0 0 0 0 0 0 0 0 0 0 0 0 0 0 0 0 0 0 0 0 0 0 0 0 0 0 0 0 0 0 0 0 0 0 0 0 0 0 0 
1 1 1 1 1 1 1 1 1 1 1 1 1 1 1 1 1 1 1 1 1 1 1 1 1 1 1 1 1 1 1 1 1 1 1 1 1 1 1 1 1 1 1 1 1 1 1 1 1 1 0 0 0 0 0 0 0 0 0 0 0 0 0 0 0 0 0 0 0 0 0 0 0 0 0 0 0 0 0 0 0 0 0 0 0 0 0 0 0 0 0 0 0 0 0 0 0 0 0 0 
1 1 1 1 1 1 1 1 1 1 1 1 1 1 1 1 1 1 1 1 1 1 1 1 1 1 1 1 1 1 1 1 1 1 1 1 1 1 1 1 1 1 1 1 1 1 1 1 1 1 0 0 0 0 0 0 0 0 0 0 0 0 0 0 0 0 0 0 0 0 0 0 0 0 0 0 0 0 0 0 0 0 0 0 0 0 0 0 0 0 0 0 0 0 0 0 0 0 0 0 
1 1 1 1 1 1 1 1 1 1 1 1 1 1 1 1 1 1 1 1 1 1 1 1 1 1 1 1 1 1 1 1 1 1 1 1 1 1 1 1 1 1 1 1 1 1 1 1 1 1 0 0 0 0 0 0 0 0 0 0 0 0 0 0 0 0 0 0 0 0 0 0 0 0 0 0 0 0 0 0 0 0 0 0 0 0 0 0 0 0 0 0 0 0 0 0 0 0 0 0 
1 1 1 1 1 1 1 1 1 1 1 1 1 1 1 1 1 1 1 1 1 1 1 1 1 1 1 1 1 1 1 1 1 1 1 1 1 1 1 1 1 1 1 1 1 1 1 1 1 1 0 0 0 0 0 0 0 0 0 0 0 0 0 0 0 0 0 0 0 0 0 0 0 0 0 0 0 0 0 0 0 0 0 0 0 0 0 0 0 0 0 0 0 0 0 0 0 0 0 0 
1 1 1 1 1 1 1 1 1 1 1 1 1 1 1 1 1 1 1 1 1 1 1 1 1 1 1 1 1 1 1 1 1 1 1 1 1 1 1 1 1 1 1 1 1 1 1 1 1 1 0 0 0 0 0 0 0 0 0 0 0 0 0 0 0 0 0 0 0 0 0 0 0 0 0 0 0 0 0 0 0 0 0 0 0 0 0 0 0 0 0 0 0 0 0 0 0 0 0 0 
1 1 1 1 1 1 1 1 1 1 1 1 1 1 1 1 1 1 1 1 1 1 1 1 1 1 1 1 1 1 1 1 1 1 1 1 1 1 1 1 1 1 1 1 1 1 1 1 1 1 0 0 0 0 0 0 0 0 0 0 0 0 0 0 0 0 0 0 0 0 0 0 0 0 0 0 0 0 0 0 0 0 0 0 0 0 0 0 0 0 0 0 0 0 0 0 0 0 0 0 
1 1 1 1 1 1 1 1 1 1 1 1 1 1 1 1 1 1 1 1 1 1 1 1 1 1 1 1 1 1 1 1 1 1 1 1 1 1 1 1 1 1 1 1 1 1 1 1 1 1 0 0 0 0 0 0 0 0 0 0 0 0 0 0 0 0 0 0 0 0 0 0 0 0 0 0 0 0 0 0 0 0 0 0 0 0 0 0 0 0 0 0 0 0 0 0 0 0 0 0 
1 1 1 1 1 1 1 1 1 1 1 1 1 1 1 1 1 1 1 1 1 1 1 1 1 1 1 1 1 1 1 1 1 1 1 1 1 1 1 1 1 1 1 1 1 1 1 1 1 1 0 0 0 0 0 0 0 0 0 0 0 0 0 0 0 0 0 0 0 0 0 0 0 0 0 0 0 0 0 0 0 0 0 0 0 0 0 0 0 0 0 0 0 0 0 0 0 0 0 0 
1 1 1 1 1 1 1 1 1 1 1 1 1 1 1 1 1 1 1 1 1 1 1 1 1 1 1 1 1 1 1 1 1 1 1 1 1 1 1 1 1 1 1 1 1 1 1 1 1 1 0 0 0 0 0 0 0 0 0 0 0 0 0 0 0 0 0 0 0 0 0 0 0 0 0 0 0 0 0 0 0 0 0 0 0 0 0 0 0 0 0 0 0 0 0 0 0 0 0 0 
1 1 1 1 1 1 1 1 1 1 1 1 1 1 1 1 1 1 1 1 1 1 1 1 1 1 1 1 1 1 1 1 1 1 1 1 1 1 1 1 1 1 1 1 1 1 1 1 1 1 0 0 0 0 0 0 0 0 0 0 0 0 0 0 0 0 0 0 0 0 0 0 0 0 0 0 0 0 0 0 0 0 0 0 0 0 0 0 0 0 0 0 0 0 0 0 0 0 0 0 
1 1 1 1 1 1 1 1 1 1 1 1 1 1 1 1 1 1 1 1 1 1 1 1 1 1 1 1 1 1 1 1 1 1 1 1 1 1 1 1 1 1 1 1 1 1 1 1 1 1 0 0 0 0 0 0 0 0 0 0 0 0 0 0 0 0 0 0 0 0 0 0 0 0 0 0 0 0 0 0 0 0 0 0 0 0 0 0 0 0 0 0 0 0 0 0 0 0 0 0 
1 1 1 1 1 1 1 1 1 1 1 1 1 1 1 1 1 1 1 1 1 1 1 1 1 1 1 1 1 1 1 1 1 1 1 1 1 1 1 1 1 1 1 1 1 1 1 1 1 1 0 0 0 0 0 0 0 0 0 0 0 0 0 0 0 0 0 0 0 0 0 0 0 0 0 0 0 0 0 0 0 0 0 0 0 0 0 0 0 0 0 0 0 0 0 0 0 0 0 0 
1 1 1 1 1 1 1 1 1 1 1 1 1 1 1 1 1 1 1 1 1 1 1 1 1 1 1 1 1 1 1 1 1 1 1 1 1 1 1 1 1 1 1 1 1 1 1 1 1 1 0 0 0 0 0 0 0 0 0 0 0 0 0 0 0 0 0 0 0 0 0 0 0 0 0 0 0 0 0 0 0 0 0 0 0 0 0 0 0 0 0 0 0 0 0 0 0 0 0 0 
1 1 1 1 1 1 1 1 1 1 1 1 1 1 1 1 1 1 1 1 1 1 1 1 1 1 1 1 1 1 1 1 1 1 1 1 1 1 1 1 1 1 1 1 1 1 1 1 1 1 0 0 0 0 0 0 0 0 0 0 0 0 0 0 0 0 0 0 0 0 0 0 0 0 0 0 0 0 0 0 0 0 0 0 0 0 0 0 0 0 0 0 0 0 0 0 0 0 0 0 
1 1 1 1 1 1 1 1 1 1 1 1 1 1 1 1 1 1 1 1 1 1 1 1 1 1 1 1 1 1 1 1 1 1 1 1 1 1 1 1 1 1 1 1 1 1 1 1 1 1 0 0 0 0 0 0 0 0 0 0 0 0 0 0 0 0 0 0 0 0 0 0 0 0 0 0 0 0 0 0 0 0 0 0 0 0 0 0 0 0 0 0 0 0 0 0 0 0 0 0 
1 1 1 1 1 1 1 1 1 1 1 1 1 1 1 1 1 1 1 1 1 1 1 1 1 1 1 1 1 1 1 1 1 1 1 1 1 1 1 1 1 1 1 1 1 1 1 1 1 1 0 0 0 0 0 0 0 0 0 0 0 0 0 0 0 0 0 0 0 0 0 0 0 0 0 0 0 0 0 0 0 0 0 0 0 0 0 0 0 0 0 0 0 0 0 0 0 0 0 0 
1 1 1 1 1 1 1 1 1 1 1 1 1 1 1 1 1 1 1 1 1 1 1 1 1 1 1 1 1 1 1 1 1 1 1 1 1 1 1 1 1 1 1 1 1 1 1 1 1 1 0 0 0 0 0 0 0 0 0 0 0 0 0 0 0 0 0 0 0 0 0 0 0 0 0 0 0 0 0 0 0 0 0 0 0 0 0 0 0 0 0 0 0 0 0 0 0 0 0 0 
1 1 1 1 1 1 1 1 1 1 1 1 1 1 1 1 1 1 1 1 1 1 1 1 1 1 1 1 1 1 1 1 1 1 1 1 1 1 1 1 1 1 1 1 1 1 1 1 1 1 0 0 0 0 0 0 0 0 0 0 0 0 0 0 0 0 0 0 0 0 0 0 0 0 0 0 0 0 0 0 0 0 0 0 0 0 0 0 0 0 0 0 0 0 0 0 0 0 0 0 
1 1 1 1 1 1 1 1 1 1 1 1 1 1 1 1 1 1 1 1 1 1 1 1 1 1 1 1 1 1 1 1 1 1 1 1 1 1 1 1 1 1 1 1 1 1 1 1 1 1 0 0 0 0 0 0 0 0 0 0 0 0 0 0 0 0 0 0 0 0 0 0 0 0 0 0 0 0 0 0 0 0 0 0 0 0 0 0 0 0 0 0 0 0 0 0 0 0 0 0 
1 1 1 1 1 1 1 1 1 1 1 1 1 1 1 1 1 1 1 1 1 1 1 1 1 1 1 1 1 1 1 1 1 1 1 1 1 1 1 1 1 1 1 1 1 1 1 1 1 1 0 0 0 0 0 0 0 0 0 0 0 0 0 0 0 0 0 0 0 0 0 0 0 0 0 0 0 0 0 0 0 0 0 0 0 0 0 0 0 0 0 0 0 0 0 0 0 0 0 0 
1 1 1 1 1 1 1 1 1 1 1 1 1 1 1 1 1 1 1 1 1 1 1 1 1 1 1 1 1 1 1 1 1 1 1 1 1 1 1 1 1 1 1 1 1 1 1 1 1 1 0 0 0 0 0 0 0 0 0 0 0 0 0 0 0 0 0 0 0 0 0 0 0 0 0 0 0 0 0 0 0 0 0 0 0 0 0 0 0 0 0 0 0 0 0 0 0 0 0 0 
1 1 1 1 1 1 1 1 1 1 1 1 1 1 1 1 1 1 1 1 1 1 1 1 1 1 1 1 1 1 1 1 1 1 1 1 1 1 1 1 1 1 1 1 1 1 1 1 1 1 0 0 0 0 0 0 0 0 0 0 0 0 0 0 0 0 0 0 0 0 0 0 0 0 0 0 0 0 0 0 0 0 0 0 0 0 0 0 0 0 0 0 0 0 0 0 0 0 0 0 
1 1 1 1 1 1 1 1 1 1 1 1 1 1 1 1 1 1 1 1 1 1 1 1 1 1 1 1 1 1 1 1 1 1 1 1 1 1 1 1 1 1 1 1 1 1 1 1 1 1 0 0 0 0 0 0 0 0 0 0 0 0 0 0 0 0 0 0 0 0 0 0 0 0 0 0 0 0 0 0 0 0 0 0 0 0 0 0 0 0 0 0 0 0 0 0 0 0 0 0 
1 1 1 1 1 1 1 1 1 1 1 1 1 1 1 1 1 1 1 1 1 1 1 1 1 1 1 1 1 1 1 1 1 1 1 1 1 1 1 1 1 1 1 1 1 1 1 1 1 1 0 0 0 0 0 0 0 0 0 0 0 0 0 0 0 0 0 0 0 0 0 0 0 0 0 0 0 0 0 0 0 0 0 0 0 0 0 0 0 0 0 0 0 0 0 0 0 0 0 0 
1 1 1 1 1 1 1 1 1 1 1 1 1 1 1 1 1 1 1 1 1 1 1 1 1 1 1 1 1 1 1 1 1 1 1 1 1 1 1 1 1 1 1 1 1 1 1 1 1 1 0 0 0 0 0 0 0 0 0 0 0 0 0 0 0 0 0 0 0 0 0 0 0 0 0 0 0 0 0 0 0 0 0 0 0 0 0 0 0 0 0 0 0 0 0 0 0 0 0 0 
1 1 1 1 1 1 1 1 1 1 1 1 1 1 1 1 1 1 1 1 1 1 1 1 1 1 1 1 1 1 1 1 1 1 1 1 1 1 1 1 1 1 1 1 1 1 1 1 1 1 0 0 0 0 0 0 0 0 0 0 0 0 0 0 0 0 0 0 0 0 0 0 0 0 0 0 0 0 0 0 0 0 0 0 0 0 0 0 0 0 0 0 0 0 0 0 0 0 0 0 
1 1 1 1 1 1 1 1 1 1 1 1 1 1 1 1 1 1 1 1 1 1 1 1 1 1 1 1 1 1 1 1 1 1 1 1 1 1 1 1 1 1 1 1 1 1 1 1 1 1 0 0 0 0 0 0 0 0 0 0 0 0 0 0 0 0 0 0 0 0 0 0 0 0 0 0 0 0 0 0 0 0 0 0 0 0 0 0 0 0 0 0 0 0 0 0 0 0 0 0 
1 1 1 1 1 1 1 1 1 1 1 1 1 1 1 1 1 1 1 1 1 1 1 1 1 1 1 1 1 1 1 1 1 1 1 1 1 1 1 1 1 1 1 1 1 1 1 1 1 1 0 0 0 0 0 0 0 0 0 0 0 0 0 0 0 0 0 0 0 0 0 0 0 0 0 0 0 0 0 0 0 0 0 0 0 0 0 0 0 0 0 0 0 0 0 0 0 0 0 0 
0 0 0 0 0 0 0 0 0 0 0 0 0 0 0 0 0 0 0 0 0 0 0 0 0 0 0 0 0 0 0 0 0 0 0 0 0 0 0 0 0 0 0 0 0 0 0 0 0 0 0 0 0 0 0 0 0 0 0 0 0 0 0 0 0 0 0 0 0 0 0 0 0 0 0 0 0 0 0 0 0 0 0 0 0 0 0 0 0 0 0 0 0 0 0 0 0 0 0 0 
0 0 0 0 0 0 0 0 0 0 0 0 0 0 0 0 0 0 0 0 0 0 0 0 0 0 0 0 0 0 0 0 0 0 0 0 0 0 0 0 0 0 0 0 0 0 0 0 0 0 0 0 0 0 0 0 0 0 0 0 0 0 0 0 0 0 0 0 0 0 0 0 0 0 0 0 0 0 0 0 0 0 0 0 0 0 0 0 0 0 0 0 0 0 0 0 0 0 0 0 
0 0 0 0 0 0 0 0 0 0 0 0 0 0 0 0 0 0 0 0 0 0 0 0 0 0 0 0 0 0 0 0 0 0 0 0 0 0 0 0 0 0 0 0 0 0 0 0 0 0 0 0 0 0 0 0 0 0 0 0 0 0 0 0 0 0 0 0 0 0 0 0 0 0 0 0 0 0 0 0 0 0 0 0 0 0 0 0 0 0 0 0 0 0 0 0 0 0 0 0 
0 0 0 0 0 0 0 0 0 0 0 0 0 0 0 0 0 0 0 0 0 0 0 0 0 0 0 0 0 0 0 0 0 0 0 0 0 0 0 0 0 0 0 0 0 0 0 0 0 0 0 0 0 0 0 0 0 0 0 0 0 0 0 0 0 0 0 0 0 0 0 0 0 0 0 0 0 0 0 0 0 0 0 0 0 0 0 0 0 0 0 0 0 0 0 0 0 0 0 0 
0 0 0 0 0 0 0 0 0 0 0 0 0 0 0 0 0 0 0 0 0 0 0 0 0 0 0 0 0 0 0 0 0 0 0 0 0 0 0 0 0 0 0 0 0 0 0 0 0 0 0 0 0 0 0 0 0 0 0 0 0 0 0 0 0 0 0 0 0 0 0 0 0 0 0 0 0 0 0 0 0 0 0 0 0 0 0 0 0 0 0 0 0 0 0 0 0 0 0 0 
0 0 0 0 0 0 0 0 0 0 0 0 0 0 0 0 0 0 0 0 0 0 0 0 0 0 0 0 0 0 0 0 0 0 0 0 0 0 0 0 0 0 0 0 0 0 0 0 0 0 0 0 0 0 0 0 0 0 0 0 0 0 0 0 0 0 0 0 0 0 0 0 0 0 0 0 0 0 0 0 0 0 0 0 0 0 0 0 0 0 0 0 0 0 0 0 0 0 0 0 
0 0 0 0 0 0 0 0 0 0 0 0 0 0 0 0 0 0 0 0 0 0 0 0 0 0 0 0 0 0 0 0 0 0 0 0 0 0 0 0 0 0 0 0 0 0 0 0 0 0 0 0 0 0 0 0 0 0 0 0 0 0 0 0 0 0 0 0 0 0 0 0 0 0 0 0 0 0 0 0 0 0 0 0 0 0 0 0 0 0 0 0 0 0 0 0 0 0 0 0 
0 0 0 0 0 0 0 0 0 0 0 0 0 0 0 0 0 0 0 0 0 0 0 0 0 0 0 0 0 0 0 0 0 0 0 0 0 0 0 0 0 0 0 0 0 0 0 0 0 0 0 0 0 0 0 0 0 0 0 0 0 0 0 0 0 0 0 0 0 0 0 0 0 0 0 0 0 0 0 0 0 0 0 0 0 0 0 0 0 0 0 0 0 0 0 0 0 0 0 0 
0 0 0 0 0 0 0 0 0 0 0 0 0 0 0 0 0 0 0 0 0 0 0 0 0 0 0 0 0 0 0 0 0 0 0 0 0 0 0 0 0 0 0 0 0 0 0 0 0 0 0 0 0 0 0 0 0 0 0 0 0 0 0 0 0 0 0 0 0 0 0 0 0 0 0 0 0 0 0 0 0 0 0 0 0 0 0 0 0 0 0 0 0 0 0 0 0 0 0 0 
0 0 0 0 0 0 0 0 0 0 0 0 0 0 0 0 0 0 0 0 0 0 0 0 0 0 0 0 0 0 0 0 0 0 0 0 0 0 0 0 0 0 0 0 0 0 0 0 0 0 0 0 0 0 0 0 0 0 0 0 0 0 0 0 0 0 0 0 0 0 0 0 0 0 0 0 0 0 0 0 0 0 0 0 0 0 0 0 0 0 0 0 0 0 0 0 0 0 0 0 
0 0 0 0 0 0 0 0 0 0 0 0 0 0 0 0 0 0 0 0 0 0 0 0 0 0 0 0 0 0 0 0 0 0 0 0 0 0 0 0 0 0 0 0 0 0 0 0 0 0 0 0 0 0 0 0 0 0 0 0 0 0 0 0 0 0 0 0 0 0 0 0 0 0 0 0 0 0 0 0 0 0 0 0 0 0 0 0 0 0 0 0 0 0 0 0 0 0 0 0 
0 0 0 0 0 0 0 0 0 0 0 0 0 0 0 0 0 0 0 0 0 0 0 0 0 0 0 0 0 0 0 0 0 0 0 0 0 0 0 0 0 0 0 0 0 0 0 0 0 0 0 0 0 0 0 0 0 0 0 0 0 0 0 0 0 0 0 0 0 0 0 0 0 0 0 0 0 0 0 0 0 0 0 0 0 0 0 0 0 0 0 0 0 0 0 0 0 0 0 0 
0 0 0 0 0 0 0 0 0 0 0 0 0 0 0 0 0 0 0 0 0 0 0 0 0 0 0 0 0 0 0 0 0 0 0 0 0 0 0 0 0 0 0 0 0 0 0 0 0 0 0 0 0 0 0 0 0 0 0 0 0 0 0 0 0 0 0 0 0 0 0 0 0 0 0 0 0 0 0 0 0 0 0 0 0 0 0 0 0 0 0 0 0 0 0 0 0 0 0 0 
0 0 0 0 0 0 0 0 0 0 0 0 0 0 0 0 0 0 0 0 0 0 0 0 0 0 0 0 0 0 0 0 0 0 0 0 0 0 0 0 0 0 0 0 0 0 0 0 0 0 0 0 0 0 0 0 0 0 0 0 0 0 0 0 0 0 0 0 0 0 0 0 0 0 0 0 0 0 0 0 0 0 0 0 0 0 0 0 0 0 0 0 0 0 0 0 0 0 0 0 
0 0 0 0 0 0 0 0 0 0 0 0 0 0 0 0 0 0 0 0 0 0 0 0 0 0 0 0 0 0 0 0 0 0 0 0 0 0 0 0 0 0 0 0 0 0 0 0 0 0 0 0 0 0 0 0 0 0 0 0 0 0 0 0 0 0 0 0 0 0 0 0 0 0 0 0 0 0 0 0 0 0 0 0 0 0 0 0 0 0 0 0 0 0 0 0 0 0 0 0 
0 0 0 0 0 0 0 0 0 0 0 0 0 0 0 0 0 0 0 0 0 0 0 0 0 0 0 0 0 0 0 0 0 0 0 0 0 0 0 0 0 0 0 0 0 0 0 0 0 0 0 0 0 0 0 0 0 0 0 0 0 0 0 0 0 0 0 0 0 0 0 0 0 0 0 0 0 0 0 0 0 0 0 0 0 0 0 0 0 0 0 0 0 0 0 0 0 0 0 0 
0 0 0 0 0 0 0 0 0 0 0 0 0 0 0 0 0 0 0 0 0 0 0 0 0 0 0 0 0 0 0 0 0 0 0 0 0 0 0 0 0 0 0 0 0 0 0 0 0 0 0 0 0 0 0 0 0 0 0 0 0 0 0 0 0 0 0 0 0 0 0 0 0 0 0 0 0 0 0 0 0 0 0 0 0 0 0 0 0 0 0 0 0 0 0 0 0 0 0 0 
0 0 0 0 0 0 0 0 0 0 0 0 0 0 0 0 0 0 0 0 0 0 0 0 0 0 0 0 0 0 0 0 0 0 0 0 0 0 0 0 0 0 0 0 0 0 0 0 0 0 0 0 0 0 0 0 0 0 0 0 0 0 0 0 0 0 0 0 0 0 0 0 0 0 0 0 0 0 0 0 0 0 0 0 0 0 0 0 0 0 0 0 0 0 0 0 0 0 0 0 
0 0 0 0 0 0 0 0 0 0 0 0 0 0 0 0 0 0 0 0 0 0 0 0 0 0 0 0 0 0 0 0 0 0 0 0 0 0 0 0 0 0 0 0 0 0 0 0 0 0 0 0 0 0 0 0 0 0 0 0 0 0 0 0 0 0 0 0 0 0 0 0 0 0 0 0 0 0 0 0 0 0 0 0 0 0 0 0 0 0 0 0 0 0 0 0 0 0 0 0 
0 0 0 0 0 0 0 0 0 0 0 0 0 0 0 0 0 0 0 0 0 0 0 0 0 0 0 0 0 0 0 0 0 0 0 0 0 0 0 0 0 0 0 0 0 0 0 0 0 0 0 0 0 0 0 0 0 0 0 0 0 0 0 0 0 0 0 0 0 0 0 0 0 0 0 0 0 0 0 0 0 0 0 0 0 0 0 0 0 0 0 0 0 0 0 0 0 0 0 0 
0 0 0 0 0 0 0 0 0 0 0 0 0 0 0 0 0 0 0 0 0 0 0 0 0 0 0 0 0 0 0 0 0 0 0 0 0 0 0 0 0 0 0 0 0 0 0 0 0 0 0 0 0 0 0 0 0 0 0 0 0 0 0 0 0 0 0 0 0 0 0 0 0 0 0 0 0 0 0 0 0 0 0 0 0 0 0 0 0 0 0 0 0 0 0 0 0 0 0 0 
0 0 0 0 0 0 0 0 0 0 0 0 0 0 0 0 0 0 0 0 0 0 0 0 0 0 0 0 0 0 0 0 0 0 0 0 0 0 0 0 0 0 0 0 0 0 0 0 0 0 0 0 0 0 0 0 0 0 0 0 0 0 0 0 0 0 0 0 0 0 0 0 0 0 0 0 0 0 0 0 0 0 0 0 0 0 0 0 0 0 0 0 0 0 0 0 0 0 0 0 
0 0 0 0 0 0 0 0 0 0 0 0 0 0 0 0 0 0 0 0 0 0 0 0 0 0 0 0 0 0 0 0 0 0 0 0 0 0 0 0 0 0 0 0 0 0 0 0 0 0 0 0 0 0 0 0 0 0 0 0 0 0 0 0 0 0 0 0 0 0 0 0 0 0 0 0 0 0 0 0 0 0 0 0 0 0 0 0 0 0 0 0 0 0 0 0 0 0 0 0 
0 0 0 0 0 0 0 0 0 0 0 0 0 0 0 0 0 0 0 0 0 0 0 0 0 0 0 0 0 0 0 0 0 0 0 0 0 0 0 0 0 0 0 0 0 0 0 0 0 0 0 0 0 0 0 0 0 0 0 0 0 0 0 0 0 0 0 0 0 0 0 0 0 0 0 0 0 0 0 0 0 0 0 0 0 0 0 0 0 0 0 0 0 0 0 0 0 0 0 0 
0 0 0 0 0 0 0 0 0 0 0 0 0 0 0 0 0 0 0 0 0 0 0 0 0 0 0 0 0 0 0 0 0 0 0 0 0 0 0 0 0 0 0 0 0 0 0 0 0 0 0 0 0 0 0 0 0 0 0 0 0 0 0 0 0 0 0 0 0 0 0 0 0 0 0 0 0 0 0 0 0 0 0 0 0 0 0 0 0 0 0 0 0 0 0 0 0 0 0 0 
0 0 0 0 0 0 0 0 0 0 0 0 0 0 0 0 0 0 0 0 0 0 0 0 0 0 0 0 0 0 0 0 0 0 0 0 0 0 0 0 0 0 0 0 0 0 0 0 0 0 0 0 0 0 0 0 0 0 0 0 0 0 0 0 0 0 0 0 0 0 0 0 0 0 0 0 0 0 0 0 0 0 0 0 0 0 0 0 0 0 0 0 0 0 0 0 0 0 0 0 
0 0 0 0 0 0 0 0 0 0 0 0 0 0 0 0 0 0 0 0 0 0 0 0 0 0 0 0 0 0 0 0 0 0 0 0 0 0 0 0 0 0 0 0 0 0 0 0 0 0 0 0 0 0 0 0 0 0 0 0 0 0 0 0 0 0 0 0 0 0 0 0 0 0 0 0 0 0 0 0 0 0 0 0 0 0 0 0 0 0 0 0 0 0 0 0 0 0 0 0 
0 0 0 0 0 0 0 0 0 0 0 0 0 0 0 0 0 0 0 0 0 0 0 0 0 0 0 0 0 0 0 0 0 0 0 0 0 0 0 0 0 0 0 0 0 0 0 0 0 0 0 0 0 0 0 0 0 0 0 0 0 0 0 0 0 0 0 0 0 0 0 0 0 0 0 0 0 0 0 0 0 0 0 0 0 0 0 0 0 0 0 0 0 0 0 0 0 0 0 0 
0 0 0 0 0 0 0 0 0 0 0 0 0 0 0 0 0 0 0 0 0 0 0 0 0 0 0 0 0 0 0 0 0 0 0 0 0 0 0 0 0 0 0 0 0 0 0 0 0 0 0 0 0 0 0 0 0 0 0 0 0 0 0 0 0 0 0 0 0 0 0 0 0 0 0 0 0 0 0 0 0 0 0 0 0 0 0 0 0 0 0 0 0 0 0 0 0 0 0 0 
0 0 0 0 0 0 0 0 0 0 0 0 0 0 0 0 0 0 0 0 0 0 0 0 0 0 0 0 0 0 0 0 0 0 0 0 0 0 0 0 0 0 0 0 0 0 0 0 0 0 0 0 0 0 0 0 0 0 0 0 0 0 0 0 0 0 0 0 0 0 0 0 0 0 0 0 0 0 0 0 0 0 0 0 0 0 0 0 0 0 0 0 0 0 0 0 0 0 0 0 
0 0 0 0 0 0 0 0 0 0 0 0 0 0 0 0 0 0 0 0 0 0 0 0 0 0 0 0 0 0 0 0 0 0 0 0 0 0 0 0 0 0 0 0 0 0 0 0 0 0 0 0 0 0 0 0 0 0 0 0 0 0 0 0 0 0 0 0 0 0 0 0 0 0 0 0 0 0 0 0 0 0 0 0 0 0 0 0 0 0 0 0 0 0 0 0 0 0 0 0 
0 0 0 0 0 0 0 0 0 0 0 0 0 0 0 0 0 0 0 0 0 0 0 0 0 0 0 0 0 0 0 0 0 0 0 0 0 0 0 0 0 0 0 0 0 0 0 0 0 0 0 0 0 0 0 0 0 0 0 0 0 0 0 0 0 0 0 0 0 0 0 0 0 0 0 0 0 0 0 0 0 0 0 0 0 0 0 0 0 0 0 0 0 0 0 0 0 0 0 0 
0 0 0 0 0 0 0 0 0 0 0 0 0 0 0 0 0 0 0 0 0 0 0 0 0 0 0 0 0 0 0 0 0 0 0 0 0 0 0 0 0 0 0 0 0 0 0 0 0 0 0 0 0 0 0 0 0 0 0 0 0 0 0 0 0 0 0 0 0 0 0 0 0 0 0 0 0 0 0 0 0 0 0 0 0 0 0 0 0 0 0 0 0 0 0 0 0 0 0 0 
0 0 0 0 0 0 0 0 0 0 0 0 0 0 0 0 0 0 0 0 0 0 0 0 0 0 0 0 0 0 0 0 0 0 0 0 0 0 0 0 0 0 0 0 0 0 0 0 0 0 0 0 0 0 0 0 0 0 0 0 0 0 0 0 0 0 0 0 0 0 0 0 0 0 0 0 0 0 0 0 0 0 0 0 0 0 0 0 0 0 0 0 0 0 0 0 0 0 0 0 
0 0 0 0 0 0 0 0 0 0 0 0 0 0 0 0 0 0 0 0 0 0 0 0 0 0 0 0 0 0 0 0 0 0 0 0 0 0 0 0 0 0 0 0 0 0 0 0 0 0 0 0 0 0 0 0 0 0 0 0 0 0 0 0 0 0 0 0 0 0 0 0 0 0 0 0 0 0 0 0 0 0 0 0 0 0 0 0 0 0 0 0 0 0 0 0 0 0 0 0 
0 0 0 0 0 0 0 0 0 0 0 0 0 0 0 0 0 0 0 0 0 0 0 0 0 0 0 0 0 0 0 0 0 0 0 0 0 0 0 0 0 0 0 0 0 0 0 0 0 0 0 0 0 0 0 0 0 0 0 0 0 0 0 0 0 0 0 0 0 0 0 0 0 0 0 0 0 0 0 0 0 0 0 0 0 0 0 0 0 0 0 0 0 0 0 0 0 0 0 0 
0 0 0 0 0 0 0 0 0 0 0 0 0 0 0 0 0 0 0 0 0 0 0 0 0 0 0 0 0 0 0 0 0 0 0 0 0 0 0 0 0 0 0 0 0 0 0 0 0 0 0 0 0 0 0 0 0 0 0 0 0 0 0 0 0 0 0 0 0 0 0 0 0 0 0 0 0 0 0 0 0 0 0 0 0 0 0 0 0 0 0 0 0 0 0 0 0 0 0 0 
0 0 0 0 0 0 0 0 0 0 0 0 0 0 0 0 0 0 0 0 0 0 0 0 0 0 0 0 0 0 0 0 0 0 0 0 0 0 0 0 0 0 0 0 0 0 0 0 0 0 0 0 0 0 0 0 0 0 0 0 0 0 0 0 0 0 0 0 0 0 0 0 0 0 0 0 0 0 0 0 0 0 0 0 0 0 0 0 0 0 0 0 0 0 0 0 0 0 0 0 
0 0 0 0 0 0 0 0 0 0 0 0 0 0 0 0 0 0 0 0 0 0 0 0 0 0 0 0 0 0 0 0 0 0 0 0 0 0 0 0 0 0 0 0 0 0 0 0 0 0 0 0 0 0 0 0 0 0 0 0 0 0 0 0 0 0 0 0 0 0 0 0 0 0 0 0 0 0 0 0 0 0 0 0 0 0 0 0 0 0 0 0 0 0 0 0 0 0 0 0 
0 0 0 0 0 0 0 0 0 0 0 0 0 0 0 0 0 0 0 0 0 0 0 0 0 0 0 0 0 0 0 0 0 0 0 0 0 0 0 0 0 0 0 0 0 0 0 0 0 0 0 0 0 0 0 0 0 0 0 0 0 0 0 0 0 0 0 0 0 0 0 0 0 0 0 0 0 0 0 0 0 0 0 0 0 0 0 0 0 0 0 0 0 0 0 0 0 0 0 0 
0 0 0 0 0 0 0 0 0 0 0 0 0 0 0 0 0 0 0 0 0 0 0 0 0 0 0 0 0 0 0 0 0 0 0 0 0 0 0 0 0 0 0 0 0 0 0 0 0 0 0 0 0 0 0 0 0 0 0 0 0 0 0 0 0 0 0 0 0 0 0 0 0 0 0 0 0 0 0 0 0 0 0 0 0 0 0 0 0 0 0 0 0 0 0 0 0 0 0 0 
0 0 0 0 0 0 0 0 0 0 0 0 0 0 0 0 0 0 0 0 0 0 0 0 0 0 0 0 0 0 0 0 0 0 0 0 0 0 0 0 0 0 0 0 0 0 0 0 0 0 0 0 0 0 0 0 0 0 0 0 0 0 0 0 0 0 0 0 0 0 0 0 0 0 0 0 0 0 0 0 0 0 0 0 0 0 0 0 0 0 0 0 0 0 0 0 0 0 0 0 
0 0 0 0 0 0 0 0 0 0 0 0 0 0 0 0 0 0 0 0 0 0 0 0 0 0 0 0 0 0 0 0 0 0 0 0 0 0 0 0 0 0 0 0 0 0 0 0 0 0 0 0 0 0 0 0 0 0 0 0 0 0 0 0 0 0 0 0 0 0 0 0 0 0 0 0 0 0 0 0 0 0 0 0 0 0 0 0 0 0 0 0 0 0 0 0 0 0 0 0 
0 0 0 0 0 0 0 0 0 0 0 0 0 0 0 0 0 0 0 0 0 0 0 0 0 0 0 0 0 0 0 0 0 0 0 0 0 0 0 0 0 0 0 0 0 0 0 0 0 0 0 0 0 0 0 0 0 0 0 0 0 0 0 0 0 0 0 0 0 0 0 0 0 0 0 0 0 0 0 0 0 0 0 0 0 0 0 0 0 0 0 0 0 0 0 0 0 0 0 0 
0 0 0 0 0 0 0 0 0 0 0 0 0 0 0 0 0 0 0 0 0 0 0 0 0 0 0 0 0 0 0 0 0 0 0 0 0 0 0 0 0 0 0 0 0 0 0 0 0 0 0 0 0 0 0 0 0 0 0 0 0 0 0 0 0 0 0 0 0 0 0 0 0 0 0 0 0 0 0 0 0 0 0 0 0 0 0 0 0 0 0 0 0 0 0 0 0 0 0 0 
0 0 0 0 0 0 0 0 0 0 0 0 0 0 0 0 0 0 0 0 0 0 0 0 0 0 0 0 0 0 0 0 0 0 0 0 0 0 0 0 0 0 0 0 0 0 0 0 0 0 0 0 0 0 0 0 0 0 0 0 0 0 0 0 0 0 0 0 0 0 0 0 0 0 0 0 0 0 0 0 0 0 0 0 0 0 0 0 0 0 0 0 0 0 0 0 0 0 0 0 
0 0 0 0 0 0 0 0 0 0 0 0 0 0 0 0 0 0 0 0 0 0 0 0 0 0 0 0 0 0 0 0 0 0 0 0 0 0 0 0 0 0 0 0 0 0 0 0 0 0 0 0 0 0 0 0 0 0 0 0 0 0 0 0 0 0 0 0 0 0 0 0 0 0 0 0 0 0 0 0 0 0 0 0 0 0 0 0 0 0 0 0 0 0 0 0 0 0 0 0 
0 0 0 0 0 0 0 0 0 0 0 0 0 0 0 0 0 0 0 0 0 0 0 0 0 0 0 0 0 0 0 0 0 0 0 0 0 0 0 0 0 0 0 0 0 0 0 0 0 0 0 0 0 0 0 0 0 0 0 0 0 0 0 0 0 0 0 0 0 0 0 0 0 0 0 0 0 0 0 0 0 0 0 0 0 0 0 0 0 0 0 0 0 0 0 0 0 0 0 0 
0 0 0 0 0 0 0 0 0 0 0 0 0 0 0 0 0 0 0 0 0 0 0 0 0 0 0 0 0 0 0 0 0 0 0 0 0 0 0 0 0 0 0 0 0 0 0 0 0 0 0 0 0 0 0 0 0 0 0 0 0 0 0 0 0 0 0 0 0 0 0 0 0 0 0 0 0 0 0 0 0 0 0 0 0 0 0 0 0 0 0 0 0 0 0 0 0 0 0 0 
0 0 0 0 0 0 0 0 0 0 0 0 0 0 0 0 0 0 0 0 0 0 0 0 0 0 0 0 0 0 0 0 0 0 0 0 0 0 0 0 0 0 0 0 0 0 0 0 0 0 0 0 0 0 0 0 0 0 0 0 0 0 0 0 0 0 0 0 0 0 0 0 0 0 0 0 0 0 0 0 0 0 0 0 0 0 0 0 0 0 0 0 0 0 0 0 0 0 0 0 

71 48 -17 36 -31 101 0 -3 30 34 108 64 59 18 23 -41 127 76 -42 98 -47 16 129 11 139 127 14 -3 -39 50 21 9 70 103 5 58 66 37 111 42 -32 24 126 54 127 28 1 118 -9 65 -38 7 14 109 49 143 126 36 142 118 122 128 -17 6 -17 142 -43 111 95 -7 143 51 21 132 44 70 132 37 -42 50 1 121 -39 49 -1 40 -49 65 -37 34 3 -19 62 49 148 82 55 -45 -48 26 
-30 -33 -2 107 98 109 -40 63 64 101 83 -1 -48 118 74 72 82 143 -6 94 101 56 123 93 -21 84 -28 105 17 -32 67 9 97 64 80 132 49 22 -47 148 133 -13 144 147 34 -27 4 144 -11 149 118 -21 -38 7 83 142 26 79 41 137 44 1 54 115 24 5 46 9 8 46 53 117 -39 -27 109 11 73 121 144 37 47 18 -14 34 128 70 -29 71 111 25 69 15 19 -18 9 -26 -32 12 33 133 
-25 117 103 114 68 -23 149 -35 112 24 110 3 -6 48 64 18 141 22 -10 -23 36 -44 -5 -5 76 103 -38 84 46 69 120 71 122 127 -19 141 53 98 48 16 69 142 7 57 143 -2 6 8 -3 78 17 -43 149 120 -14 -39 -49 21 133 90 148 20 50 112 105 -35 -4 92 -19 91 42 -2 131 80 134 74 7 146 66 129 39 116 114 -48 -31 -12 38 71 11 143 -40 89 22 89 -26 114 41 -38 -14 77 
-4 -17 -5 34 90 85 3 8 85 -1 13 -15 40 5 65 106 98 1 115 101 -16 27 51 87 47 18 133 -25 145 47 -21 143 140 137 57 0 104 -23 56 -5 104 79 62 76 133 -19 13 148 71 16 51 117 -26 14 -11 83 45 -30 135 120 54 143 62 -34 -23 110 15 92 -12 148 98 36 -43 150 127 60 5 138 34 95 62 113 13 -14 147 24 36 100 -33 -2 125 15 -28 74 -2 131 95 145 36 25 
147 84 32 102 30 130 42 101 61 90 138 -41 35 39 -47 100 48 41 118 15 98 109 42 -40 -39 -32 101 37 135 128 45 -8 -45 141 -21 108 40 75 52 148 -35 124 2 6 -29 120 -1 -38 77 59 47 18 140 -7 126 -46 84 -7 101 148 122 52 122 90 86 -18 46 52 60 -38 145 -25 139 -24 76 127 112 -50 124 116 134 107 93 -16 148 1 35 107 -27 89 -24 126 -12 106 -31 110 58 60 66 127 
36 138 144 136 129 33 16 69 55 66 22 -21 48 -36 -32 -39 129 52 91 43 36 127 -33 44 38 -41 121 119 51 81 49 6 58 73 83 -15 -2 57 61 20 26 -2 -19 6 129 -37 11 135 43 136 -48 115 86 -13 96 -22 -1 8 -3 26 13 120 78 58 87 52 3 9 117 -22 8 -7 88 -30 -3 105 92 -41 -41 9 84 37 108 -47 84 76 150 123 28 71 -44 10 47 62 120 -50 92 36 126 61 
93 14 51 83 125 81 68 117 -35 62 86 135 -19 -44 139 -16 36 44 111 72 115 147 98 26 128 53 145 -42 -48 57 112 125 -34 -27 -41 51 -5 91 93 68 -40 140 29 117 -7 125 -44 84 114 80 132 60 4 -28 9 144 18 98 60 133 65 65 115 -19 -3 48 126 30 115 -47 45 -18 143 2 19 41 146 141 91 103 51 133 -34 90 99 2 117 75 88 101 92 47 60 -31 77 127 -24 32 100 74 
44 148 -19 -14 19 129 124 145 -43 53 143 98 -37 43 -34 138 109 82 60 85 35 149 -23 14 51 -27 125 59 91 68 80 9 132 74 -37 60 37 79 142 23 119 24 2 144 88 -11 113 30 56 122 74 66 93 69 -29 138 1 48 31 2 -36 44 -39 48 -42 66 55 -6 105 131 37 25 43 -32 10 150 140 -38 -3 25 -49 88 88 15 148 9 -5 18 74 134 28 81 -6 -21 106 -9 -4 56 20 144 
-24 139 73 14 -6 49 17 142 -41 -28 64 -7 135 -27 130 -12 44 15 84 108 60 54 24 25 77 118 61 84 -34 13 20 -25 64 -46 85 -36 135 148 96 107 -10 -14 -49 53 103 98 35 93 13 4 122 -40 22 -12 38 68 78 42 -23 37 71 59 150 59 79 130 0 58 15 7 125 8 67 45 -1 32 5 -32 50 137 104 38 38 141 137 25 109 79 42 33 48 44 107 -10 35 75 112 91 48 85 
123 -28 -14 115 -13 10 100 -2 -31 41 89 107 138 -47 40 21 33 135 -6 58 108 52 -35 10 118 17 68 -38 72 97 17 -38 53 7 120 65 125 -11 125 16 104 44 -38 39 29 -35 64 104 146 30 -8 -14 103 9 115 107 15 -3 10 95 -39 6 104 -23 76 110 107 120 150 -13 28 64 70 -44 27 -50 119 -46 119 41 -4 4 -47 113 105 44 74 61 124 79 -49 124 -1 17 39 -33 69 23 80 69 
71 67 73 54 60 89 76 34 -41 150 -46 6 -5 -32 83 43 2 117 -47 -39 40 8 94 32 -18 -50 103 96 -8 54 -18 96 114 47 47 48 -6 64 87 5 115 -5 2 -27 -49 122 -23 106 -6 -49 71 9 -28 112 75 82 17 -7 -12 32 -39 80 19 72 116 43 36 -6 12 146 71 48 51 136 -28 72 67 76 104 -31 76 103 23 -10 103 124 85 36 135 62 41 80 6 94 144 -8 -4 -48 -2 106 
128 48 108 65 -36 111 29 -38 95 -17 42 -21 118 -9 -29 123 63 82 61 150 13 81 -25 -44 135 72 -13 129 -2 145 95 -18 -38 29 39 110 20 -27 120 48 9 -36 138 -16 -35 49 58 57 42 -43 -43 148 34 80 100 134 80 24 -36 37 83 78 36 -36 51 -31 42 8 41 -7 106 83 108 -27 118 27 -2 55 105 -19 -47 -5 -25 29 96 -3 131 -26 42 134 68 40 12 72 81 4 73 -12 -42 77 
97 -1 -1 140 88 -24 -23 -3 22 42 12 38 -16 67 52 -49 0 64 18 49 -13 118 2 44 56 77 29 92 -38 -10 -12 39 115 -26 35 -12 -5 -11 126 129 -27 111 -16 105 -44 70 119 118 111 -9 149 -38 8 67 100 28 -18 77 -31 149 59 32 52 23 56 32 -9 -22 6 38 60 14 88 -27 104 26 53 101 93 48 51 83 -34 43 -31 27 142 -39 72 39 113 -38 69 17 -5 12 -40 57 115 89 
-23 12 53 30 122 -15 122 80 90 69 -38 150 36 76 114 -22 0 93 -10 64 9 -48 23 78 61 73 115 -31 97 -15 45 14 11 -11 -29 81 25 21 0 22 -28 35 66 75 65 117 115 115 37 115 -23 89 8 -42 -4 51 100 -6 12 37 135 27 -34 94 64 142 102 115 117 81 -32 84 118 140 -35 18 92 59 35 71 63 25 124 73 122 70 -3 -18 121 107 45 121 132 54 -31 55 26 5 52 109 
64 116 115 73 -20 128 -36 91 94 30 110 50 52 -31 113 -6 2 40 130 104 102 138 -39 87 -31 -42 11 36 53 64 -47 128 27 -2 58 -34 136 23 73 129 32 30 35 117 -21 -45 76 54 116 53 121 42 108 142 7 50 123 95 15 75 100 -31 102 7 126 99 9 17 60 116 124 105 27 48 50 136 5 135 92 85 133 22 88 140 1 150 147 114 106 108 143 138 14 51 19 11 32 -5 126 66 
65 150 119 29 137 -16 -17 133 -43 75 135 29 93 36 73 105 60 -15 95 -13 147 -19 129 74 112 -44 50 -15 -45 -40 -37 67 5 101 -24 22 64 -50 -39 -19 -12 17 33 80 69 -36 76 73 55 -35 144 91 129 -42 133 102 86 81 137 124 113 19 90 138 15 -17 -44 90 -30 86 74 97 101 5 12 -32 143 11 16 -1 75 126 13 119 54 76 91 -47 146 -19 106 140 140 43 110 122 119 48 136 111 
-19 121 -45 -36 117 -27 12 -1 -8 -18 91 -41 35 13 6 129 37 77 21 -40 2 45 -25 72 103 65 37 112 10 130 133 113 148 -12 82 -32 1 143 129 -50 0 79 74 -11 94 -35 -37 137 113 39 71 3 -20 -19 106 84 135 85 79 41 -44 61 113 51 77 88 68 53 59 125 65 -42 27 9 78 -21 87 105 66 26 45 127 27 117 62 28 94 95 64 8 -28 45 16 50 84 84 -18 -44 9 103 
60 114 105 42 32 7 29 134 -11 -7 67 -35 40 127 93 50 65 123 9 41 -50 25 133 -40 -17 75 -14 -44 86 18 107 50 150 45 106 47 86 132 110 11 2 103 -40 -10 30 27 28 9 -17 139 125 78 -43 122 67 -19 94 100 -18 -20 107 90 21 83 60 39 66 137 49 92 54 14 117 72 30 138 90 63 -44 21 19 86 43 88 27 -29 45 136 142 45 13 119 143 82 138 115 144 91 14 47 
26 115 124 74 144 -37 -44 31 -23 101 117 96 32 -45 116 -6 98 -15 -17 125 7 96 59 99 -50 42 101 -13 83 8 8 41 40 8 56 143 6 -14 123 42 69 69 13 54 -4 -7 4 108 -45 131 14 61 48 61 141 108 69 14 125 1 129 -35 34 63 16 136 45 -18 53 0 22 123 95 103 147 -44 -17 36 -5 -38 100 33 67 59 120 63 68 -34 60 -18 36 -40 78 -37 39 -22 96 37 27 53 
116 23 12 111 -12 30 43 50 41 -12 -18 71 133 33 -9 -23 -17 -19 59 140 107 129 109 3 88 -17 6 25 105 23 86 122 107 -35 -46 66 120 -33 18 17 11 74 29 116 -5 21 127 53 129 -48 100 112 -48 110 39 38 86 136 -22 15 -4 15 43 37 -12 57 81 60 10 6 52 71 57 65 146 44 138 142 68 7 -4 139 69 87 56 -46 31 127 2 -9 117 32 119 -21 37 -23 -35 75 79 45 
9 25 57 9 142 131 -47 55 -17 139 -26 40 8 -17 76 -10 20 27 142 43 -8 -13 60 86 -18 2 97 135 81 104 144 43 146 67 134 27 120 116 -3 4 -16 31 110 -11 120 -38 63 104 11 19 33 87 -5 -50 12 35 -11 -13 97 -5 82 119 89 142 47 100 11 69 -26 71 131 -44 51 15 80 -47 102 149 88 132 86 98 -42 132 33 47 34 -31 -5 106 63 56 -13 129 -40 140 144 -20 125 38 
19 44 78 39 140 39 59 86 1 143 70 14 24 132 31 -45 54 -48 130 5 99 150 63 62 60 47 -37 115 8 46 -48 82 41 79 117 15 128 138 -25 8 38 123 129 26 129 46 -45 24 54 112 7 -46 32 133 -4 73 9 -25 48 -27 101 57 76 36 148 98 23 139 -33 -2 38 51 0 72 27 65 31 148 145 -36 -31 5 -20 126 -17 128 -31 129 58 46 144 103 39 58 129 51 4 107 10 51 
30 -27 8 -46 97 126 19 98 11 127 -40 -27 120 -29 8 144 -40 -39 140 76 88 62 -9 -14 37 135 138 -7 -18 119 54 -35 92 -21 88 32 -44 98 61 33 -12 11 16 62 103 92 60 12 5 128 117 -42 -36 -29 138 147 -11 131 15 90 3 99 86 -22 -45 22 127 150 111 22 144 132 140 68 -24 5 98 133 49 9 79 73 49 40 -19 21 11 80 -17 46 22 80 -21 21 23 31 64 118 84 95 
14 -30 28 126 42 66 77 -29 128 41 77 68 21 3 -20 50 -4 -37 94 28 41 36 86 18 94 102 -9 -37 23 106 21 -19 -17 75 -34 -25 148 39 -43 -34 -16 104 80 111 53 130 -37 21 29 -39 57 -49 75 90 82 72 19 95 59 17 106 141 111 -33 6 93 -41 23 116 144 -14 76 93 22 102 -4 34 -38 82 144 -35 1 98 50 30 100 113 38 -31 -8 145 135 84 77 100 67 38 20 148 50 
54 138 71 84 9 21 7 -31 -26 74 38 41 17 85 35 147 -19 89 101 147 10 149 -14 64 63 -44 84 34 90 111 102 -31 109 83 80 137 42 -48 -42 -37 116 114 94 -49 -43 -3 -27 -26 83 87 117 12 122 150 24 136 55 101 115 -34 -16 89 148 136 -35 117 -42 34 47 92 106 6 104 -10 -30 8 100 86 29 3 104 121 33 -21 -11 -1 4 78 63 92 -8 91 107 104 -30 100 86 88 127 -44 
-4 -32 15 -8 48 63 121 21 73 77 54 101 3 -17 52 111 93 24 17 -4 95 -27 65 55 84 134 142 85 30 49 115 99 -3 92 111 126 -45 21 57 120 121 46 41 5 -22 -22 -20 0 51 70 -12 22 -24 -21 -11 143 95 134 -15 95 72 -36 137 19 144 98 65 80 75 83 16 107 -49 102 -40 3 39 14 97 39 -10 -29 -36 -8 52 41 -41 2 105 93 7 57 113 -6 -10 83 65 0 64 -5 
-2 84 118 113 46 70 128 -38 18 24 55 54 34 11 -45 48 -43 -2 -19 -12 -50 93 43 134 88 1 53 -32 8 71 101 -42 7 140 106 31 -9 120 89 141 12 104 121 -19 53 50 150 68 82 7 -8 -17 -47 26 67 124 14 69 19 30 96 57 98 23 51 48 40 98 85 148 144 40 111 67 58 83 101 134 86 146 93 86 14 100 9 117 12 103 1 -11 3 140 133 62 15 131 121 75 140 140 
60 35 2 101 -37 87 51 8 138 42 8 19 -29 92 16 -2 -49 -47 135 58 34 137 63 -18 -18 -38 39 39 116 50 -1 128 69 77 2 72 -13 20 -33 102 86 15 48 33 -38 62 6 -24 8 99 147 36 -17 -15 56 46 -22 149 141 0 -47 138 75 94 29 34 130 -6 1 86 27 89 78 -34 51 102 28 142 56 47 102 -48 -31 -9 -46 77 83 39 -39 20 53 115 -35 72 138 59 16 40 119 -35 
-42 90 -26 146 -38 23 -27 -14 149 137 -20 29 73 128 -50 -14 81 -1 150 86 -47 -2 -47 15 109 143 -2 47 13 24 82 107 19 -7 56 -2 92 53 -28 114 85 39 140 74 51 5 89 87 -42 26 -22 -40 93 133 -39 65 -4 125 111 133 -5 3 124 32 -7 51 -33 -19 119 41 127 -41 137 -19 62 112 69 13 14 -10 -44 4 56 12 -31 107 133 140 24 -49 100 133 119 70 -29 61 53 -23 -26 5 
138 141 135 75 144 66 130 54 116 -8 78 -31 70 102 138 88 84 23 -16 36 140 127 55 13 65 138 94 49 129 -47 -38 -22 -22 6 144 42 105 99 30 31 51 76 2 30 69 -24 82 141 -32 116 128 122 90 27 129 144 38 -23 -6 -22 -43 123 -21 105 50 141 51 49 48 21 22 47 -22 35 11 56 -24 28 79 42 129 115 97 -13 143 87 121 53 8 -8 57 98 50 -41 2 6 95 94 82 57 
101 112 84 80 10 54 113 89 129 6 140 103 57 -30 -17 19 -33 121 49 84 112 34 47 30 0 99 109 125 -23 -24 94 86 138 82 135 2 51 76 55 95 -7 136 -17 122 98 -33 -28 4 -17 134 -10 76 70 -10 77 27 109 3 64 30 138 -8 -11 89 56 34 115 120 84 140 74 -15 70 -19 -41 107 48 1 137 -37 68 -18 150 -32 52 -11 -3 41 67 50 -41 -24 149 86 126 -43 110 58 -43 -41 
-7 131 150 -32 -2 -42 121 34 -7 127 82 92 -39 42 8 18 70 15 80 17 144 3 44 127 -20 77 120 2 113 75 137 107 -49 80 -14 84 136 139 116 -12 38 107 1 61 73 97 139 -33 127 -11 -7 -44 54 119 83 24 -49 120 119 -33 114 3 -41 140 73 -14 -25 116 17 48 -43 -2 32 30 6 135 64 69 78 -38 73 -45 9 -42 67 147 -26 -48 35 102 48 -22 81 44 140 -16 12 145 -29 142 
93 30 71 -13 51 -48 36 141 -24 148 75 -41 -15 -18 -19 26 3 28 -16 38 7 98 141 29 56 -47 -39 99 79 84 -37 76 144 -15 5 104 -15 -49 150 -34 95 138 0 26 23 73 5 -43 21 32 14 -23 -13 -26 114 34 -26 -18 145 109 47 99 103 -38 133 -19 116 40 57 -20 112 25 130 125 35 -7 74 127 -33 49 37 -9 -41 -2 17 113 134 47 54 139 79 -28 86 143 -50 -12 146 34 136 109 
-1 60 -25 -22 113 22 53 131 -42 40 88 112 102 -21 -47 -16 -43 121 64 133 25 64 88 93 41 -49 14 -27 79 60 104 101 129 44 -21 59 130 27 18 94 92 123 74 72 61 124 140 75 101 -23 50 119 107 5 38 20 -2 65 146 81 32 97 20 103 10 39 122 -32 111 135 96 -44 -30 -34 3 129 125 113 82 44 34 17 111 -33 30 -31 64 -41 63 45 129 37 123 -6 139 -33 -7 135 150 103 
25 62 143 90 -13 -12 57 15 145 62 69 -40 125 1 11 -2 146 -33 132 132 73 90 142 41 135 138 101 20 -23 37 22 35 80 57 79 11 72 112 -9 86 105 -50 -3 -48 126 -15 79 86 88 135 74 2 63 116 0 -22 118 150 100 40 149 32 30 -50 75 140 136 89 5 4 101 -31 101 29 132 44 -42 44 -37 12 85 93 -9 85 -46 128 -37 -14 2 -40 86 14 143 80 128 99 122 -18 30 -13 
136 -32 -30 45 19 106 -3 92 82 60 -31 97 57 -46 119 1 100 36 58 47 51 123 124 61 79 32 130 -13 80 91 44 13 52 -14 56 45 113 126 21 123 -12 59 18 18 39 -8 -5 73 -39 -18 65 81 84 95 147 23 26 141 14 93 9 99 10 124 -1 13 -6 15 96 68 -25 100 83 50 56 107 130 134 148 -22 127 73 3 -27 -27 28 47 103 -45 71 111 53 -25 33 48 46 115 63 -15 41 
106 8 130 61 -27 67 -35 150 90 96 144 -5 19 82 -44 50 11 -6 -27 31 -15 1 19 109 -5 -2 37 -29 -9 -24 47 133 -19 6 144 48 -49 137 117 -16 85 46 128 56 136 11 145 22 -8 43 48 39 -26 104 -2 75 18 -15 99 71 131 59 32 -36 113 39 123 77 63 114 137 37 85 67 -25 56 52 144 111 105 26 72 -29 95 -22 85 18 14 92 90 118 118 148 -27 -38 -1 139 -45 118 -19 
50 52 119 3 -16 149 97 45 50 -47 -44 31 91 79 -25 -43 38 -18 46 -17 33 -43 120 135 145 -15 122 10 -5 -22 -6 -50 108 -35 42 -12 144 -11 76 119 69 -34 134 57 118 136 132 -20 -1 16 36 96 86 106 0 103 -32 130 11 3 79 148 -18 72 19 113 114 61 134 97 -50 5 68 67 52 69 64 62 -45 11 -29 -45 123 -7 86 118 75 110 86 -50 141 65 81 62 40 37 -12 70 65 4 
56 8 57 138 126 80 53 56 74 76 -41 43 136 78 -12 -44 -34 75 -49 143 109 81 74 19 68 73 79 -23 103 -48 67 77 102 -30 41 70 106 92 69 55 134 141 30 3 139 136 110 46 35 15 36 -6 132 128 129 32 135 -23 60 24 132 99 91 119 86 -48 71 95 107 106 87 108 81 27 93 -14 69 96 63 130 116 -28 89 115 17 56 33 127 35 99 -48 95 59 71 95 87 144 148 39 77 
16 79 -47 -3 41 91 95 -11 87 68 150 17 87 45 99 81 45 88 27 -6 21 -42 5 82 127 127 101 14 -6 67 97 -47 55 9 2 95 122 45 58 82 60 -34 11 99 -17 84 125 81 14 4 -19 98 -8 71 143 78 -39 117 129 47 113 -9 48 27 -4 -13 79 68 -2 -1 -7 -45 -36 4 -9 124 -22 109 128 98 -38 66 28 64 115 95 -45 36 33 15 10 110 -49 53 70 82 -7 -8 14 67 
79 11 36 -16 -17 -10 -31 -29 -14 25 42 133 118 144 12 40 101 -4 -34 101 36 4 -2 20 98 128 122 -9 -2 -12 16 69 53 109 59 -47 -35 -29 6 -14 87 15 3 -47 -14 18 -17 122 142 112 93 -50 139 -39 8 17 69 147 14 35 -36 -33 139 51 51 11 78 112 68 10 51 117 0 111 15 52 -13 -20 30 47 52 -21 -44 91 47 -18 121 62 55 -42 4 33 76 140 33 24 150 -28 -35 48 
73 -7 -25 17 36 -37 -42 102 119 -17 -36 100 45 125 -2 -42 -29 -24 103 30 -49 -49 28 61 62 -47 129 138 59 14 70 133 -20 -29 -49 26 4 92 142 -42 83 41 13 123 39 38 31 129 122 107 59 68 46 -49 134 118 0 -21 83 83 111 -24 140 143 55 121 -33 100 -36 39 103 87 47 -31 53 74 82 98 0 114 27 23 94 93 -46 11 97 -35 -37 55 8 -42 120 103 36 -9 102 -32 137 58 
109 138 39 89 0 110 24 105 65 44 134 46 5 140 60 36 10 -30 105 -32 39 150 60 92 123 149 62 73 79 -39 73 52 -28 51 110 74 -4 20 -26 11 94 144 52 35 124 36 4 90 -3 62 83 -42 10 97 149 116 35 -31 138 -19 61 -36 86 -26 56 7 50 44 -15 -35 135 41 104 76 -1 71 35 15 16 65 74 -9 141 89 -31 -18 33 112 113 -18 -4 96 131 136 -22 121 85 111 -15 148 
110 19 100 143 -42 -24 -10 115 105 -17 116 2 96 1 24 -46 59 146 -47 -29 58 109 103 27 132 98 -46 74 49 -48 -34 -3 90 98 88 55 7 119 55 39 -43 -21 12 101 80 -24 54 77 148 26 118 41 95 -33 -15 57 -47 86 -25 121 135 34 7 148 112 82 55 87 88 93 120 66 147 87 31 120 86 132 127 78 -35 13 -39 140 91 125 4 80 123 42 103 60 72 -10 -45 -40 93 20 146 54 
57 -37 -22 108 104 26 -20 120 119 59 43 25 17 121 127 -21 -40 -13 38 -8 124 -17 94 79 26 94 23 143 95 18 67 13 54 54 1 24 104 47 143 -46 28 3 -35 103 95 -6 130 107 -42 60 141 114 34 -31 82 116 133 16 66 -3 102 54 111 110 31 39 46 17 -10 122 94 -25 -40 90 -8 143 -18 10 108 28 86 93 103 94 -23 -6 -3 21 95 133 -13 0 -46 103 19 -28 -26 50 4 87 
106 99 -35 130 30 89 9 69 -23 11 -15 52 140 20 -26 -35 49 23 0 90 -11 1 -7 104 129 121 -31 147 141 -25 -42 117 3 149 63 82 47 103 125 68 5 79 42 118 -32 116 131 24 110 22 125 -8 78 -29 101 95 125 62 59 132 97 28 38 65 148 16 70 147 147 83 126 24 127 61 -12 -3 46 28 18 93 45 102 9 70 66 -12 150 54 -29 47 -22 -38 136 26 31 114 -17 25 -46 117 
75 61 124 57 13 79 100 93 -1 145 122 138 62 141 -35 52 74 -38 128 54 61 122 -20 30 128 47 77 69 56 108 30 89 97 39 -22 111 88 -3 101 80 109 147 125 66 65 -48 4 53 10 61 109 91 91 111 7 54 117 -10 24 40 60 11 113 108 32 97 -14 -16 82 7 -35 6 62 112 53 138 59 134 90 -17 52 90 150 -46 53 -21 104 82 -23 123 97 59 41 6 134 -27 8 117 -36 126 
-32 116 2 31 136 29 21 112 137 81 142 46 63 2 55 60 26 43 8 57 81 127 87 62 118 65 50 91 58 77 103 98 -12 124 -37 98 25 36 -37 68 41 -40 112 76 66 -17 -35 132 -7 -18 -46 -49 -4 112 110 79 38 83 -43 -4 7 2 147 49 114 5 46 118 116 30 -22 110 -13 -42 -50 82 -22 3 14 92 -25 116 6 80 56 72 59 -44 26 38 -40 -3 31 44 42 82 -22 125 18 101 
-6 110 90 122 1 139 92 57 -31 9 44 -37 93 13 -27 46 35 105 64 -14 -15 113 -22 26 -30 -19 109 -46 65 -8 17 10 -4 -8 27 133 91 14 137 68 5 77 139 42 17 132 134 33 48 19 33 31 -24 49 24 -11 114 58 -2 1 120 54 -42 114 64 30 81 53 116 -42 47 11 54 -11 148 57 -5 1 57 12 140 -45 -35 141 -30 104 8 -37 70 -34 -5 124 65 3 90 132 31 -23 89 53 
70 94 88 132 130 65 -42 61 123 1 130 43 16 44 116 123 19 127 59 44 118 97 -26 66 102 125 67 70 118 121 61 2 122 0 28 -32 -14 39 143 -31 78 -24 31 129 -48 131 34 -3 54 -38 5 -41 -4 29 6 -37 88 117 4 50 -37 23 78 7 84 31 56 58 90 5 23 87 17 -50 -5 9 111 123 -31 -11 121 71 -26 72 75 88 47 24 -20 -46 -11 121 -20 36 48 -35 26 -30 127 -37 
-8 128 43 101 149 66 -45 96 52 -16 79 -4 24 60 24 21 -44 102 115 76 54 20 79 49 79 26 148 69 29 119 107 59 -29 64 86 107 -22 54 -15 -50 54 61 1 75 124 96 105 121 43 42 131 87 56 118 134 -35 -46 72 118 25 54 -23 68 148 68 30 72 140 138 10 -3 105 30 -8 105 99 62 69 -33 29 126 -22 56 18 29 101 37 49 137 131 20 -4 119 86 70 142 31 30 69 138 
109 2 94 7 136 7 76 4 89 4 95 105 -44 -45 67 54 -35 -13 98 61 121 -12 80 53 30 34 19 17 101 -36 146 98 -25 15 15 21 -30 23 103 -23 119 -11 125 36 18 25 131 114 85 5 -15 18 26 -9 77 38 69 0 115 -2 28 54 143 11 149 0 22 121 53 -23 -35 116 16 26 121 69 -44 51 -5 106 32 64 83 53 -29 -16 48 57 98 132 -48 144 109 72 76 135 94 99 -8 -38 
60 73 -8 -9 54 115 137 89 -28 -29 0 -9 -35 33 83 -23 9 23 -21 56 142 29 101 16 57 -32 11 28 42 58 92 143 139 75 -9 -7 144 112 -20 24 121 71 135 -27 67 1 124 27 69 32 74 84 124 128 107 37 4 95 93 31 46 119 79 29 148 -33 72 44 -18 100 145 79 -31 73 -5 98 -48 2 -44 61 62 -21 146 23 123 32 106 136 39 132 25 99 107 -33 74 112 -48 138 30 47 
-22 42 13 1 69 -40 13 69 -18 -41 -23 -47 -34 73 -9 47 34 136 9 3 -10 -4 10 76 -2 100 58 60 119 109 141 51 125 88 19 41 19 16 -18 37 5 118 67 4 144 42 -8 52 82 89 -1 116 83 90 66 -46 111 113 30 45 84 50 40 -11 62 28 47 109 67 98 18 66 54 52 13 -15 -10 123 52 120 -42 -50 31 58 23 45 -17 -3 11 -41 115 56 121 106 69 -48 30 -45 143 -31 
144 116 135 -27 74 119 -15 117 67 -27 102 137 68 -47 107 121 53 -32 -19 -23 -49 -18 68 46 90 94 8 20 32 65 36 -26 -7 0 123 65 52 33 8 114 -25 63 -32 -38 -24 116 54 103 30 -31 -44 5 55 -43 5 111 72 15 125 146 -7 46 127 75 137 124 145 82 22 95 45 135 138 -43 47 30 -26 52 150 140 111 111 34 -35 -2 -24 128 2 77 148 92 -22 -35 145 -17 -14 142 -20 0 76 
-37 113 67 102 -9 4 96 16 150 150 129 -32 71 35 -37 50 103 78 -13 77 7 19 100 -3 102 -39 1 -30 141 106 49 8 27 -28 30 74 134 -1 -2 -27 136 107 -20 86 145 0 -4 105 11 103 44 7 93 -46 -45 -38 122 149 61 -13 141 73 142 138 -33 67 -22 -43 101 108 38 -1 71 140 114 29 147 2 -6 124 39 88 137 125 89 30 87 134 105 91 79 36 134 125 14 147 -3 64 79 29 
-17 119 96 104 -17 143 42 132 137 38 108 142 76 59 32 128 144 10 85 76 87 41 -2 111 115 94 116 16 104 52 17 85 -39 -30 51 24 110 148 29 49 52 -42 52 150 24 54 131 7 103 -31 107 -20 -29 79 147 -35 104 -30 63 -44 -7 78 31 -32 99 134 -49 -47 -19 116 85 1 18 -39 4 39 23 23 146 46 44 20 23 10 18 44 123 99 3 -28 147 85 66 64 45 64 115 1 135 24 
83 -27 103 -11 63 38 141 10 65 115 -23 5 69 10 147 22 128 -50 137 -21 -49 93 -6 16 89 11 -12 78 -2 53 11 86 -39 36 19 120 -34 17 12 32 61 -24 59 139 67 -27 126 40 84 120 -14 -2 -37 -24 -49 69 29 27 7 140 86 -25 8 54 -15 -8 -19 83 77 87 -9 112 51 119 64 116 139 -9 49 86 8 100 -39 18 92 76 -30 83 71 78 68 5 -31 31 130 -10 82 118 132 -10 
108 -2 82 13 59 12 -44 34 123 -14 126 33 136 120 -20 145 29 14 -37 38 -13 -9 75 -46 9 -5 141 9 30 14 97 145 109 -18 98 138 -36 -10 144 104 134 77 95 150 138 18 41 146 -7 43 -16 123 -15 -28 35 144 139 -45 86 -39 7 8 26 111 128 128 85 10 112 99 60 -42 16 -34 149 127 17 95 39 54 142 143 80 121 6 59 5 69 63 110 32 82 118 15 25 123 93 -26 48 -26 
72 12 25 21 18 -30 75 -24 31 -4 18 130 117 -3 15 106 15 -42 91 71 6 -32 -42 -40 107 -41 115 97 -19 77 95 67 142 -28 88 95 97 30 4 -31 70 72 86 145 42 36 99 -23 134 53 8 149 -24 -24 84 93 -37 102 -1 -38 67 -41 -4 0 57 54 -12 11 134 78 150 -34 -43 29 29 -8 15 73 104 -41 -4 68 78 101 -19 138 -17 106 46 54 70 27 89 66 150 29 8 78 93 -16 
106 88 48 21 106 25 -12 106 30 9 63 148 -16 125 63 143 -46 50 73 63 141 83 -44 15 96 86 117 -41 72 -45 -30 137 -48 -35 118 -13 70 -48 21 -1 -28 106 78 147 -17 113 124 103 -39 38 38 34 -21 55 19 66 -26 41 123 51 84 65 -1 -1 39 141 -48 19 -45 -12 130 23 -14 85 -45 52 137 35 28 -7 -14 138 44 141 25 90 118 150 -32 14 141 -23 64 114 94 119 72 6 61 87 
105 -32 79 -43 -35 64 -43 114 -24 85 109 122 95 24 136 49 94 69 50 114 67 114 130 -11 63 148 52 54 113 -40 -24 89 126 -36 4 101 130 -14 103 141 11 -19 134 -7 114 -42 143 108 122 43 10 57 17 -50 123 112 -36 138 -16 142 13 105 80 132 -49 64 72 -4 150 70 25 0 106 59 -24 92 94 -30 144 15 91 -31 98 23 98 116 135 -39 22 131 11 129 -17 78 90 21 -12 92 82 122 
16 62 97 46 15 -30 60 6 -1 -49 -24 -25 -49 14 -20 111 52 -6 124 44 24 118 148 44 108 -28 87 75 131 -16 -50 34 -21 46 80 70 89 101 80 7 44 69 47 105 51 142 96 -29 -36 87 30 89 106 45 72 21 113 -32 -46 -31 -14 6 88 96 70 113 -40 118 80 22 28 43 88 -24 -43 118 77 96 -42 133 115 137 49 150 96 93 4 -3 25 -7 -39 52 -4 121 6 67 -47 -9 108 -10 
-27 109 133 -42 56 99 49 93 -4 118 -24 136 21 -2 148 16 90 116 53 116 69 79 -20 68 109 113 -14 -5 -26 49 70 -33 143 130 97 2 88 54 5 26 52 41 -10 102 -2 95 -13 65 -47 136 61 75 53 76 47 81 97 23 80 67 87 115 -7 75 19 139 47 -35 61 110 131 36 79 72 50 -8 84 69 -49 69 -43 105 122 38 13 81 28 13 -14 40 -9 132 57 -20 125 46 25 72 -46 59 
133 53 -3 58 36 54 86 103 25 83 131 119 102 84 -40 144 15 97 75 150 7 83 137 -45 117 116 138 22 59 1 -32 -35 133 128 55 86 -17 -33 -15 83 89 19 -44 128 40 -41 143 -43 29 48 40 54 27 50 44 2 33 127 -2 38 48 104 24 36 -22 -22 108 59 6 60 115 120 101 146 -39 43 46 107 53 -44 100 112 106 17 129 -8 4 -2 8 28 27 39 56 51 133 144 81 -20 65 -11 
133 35 131 -43 4 73 51 -42 46 -33 81 -48 18 58 74 16 107 139 54 69 40 21 -15 141 39 -6 146 82 93 -37 84 144 138 63 107 20 97 38 10 -19 113 -23 7 116 17 81 -31 -40 18 -8 -33 18 -30 21 58 116 7 92 147 118 120 4 107 53 -1 137 140 39 91 68 42 6 48 113 -37 -30 148 148 93 -30 112 67 116 -28 -39 32 88 112 111 28 119 116 -32 66 128 -13 72 -46 56 121 
134 5 -38 2 7 88 -26 -9 -50 93 92 29 95 68 67 -6 139 110 42 107 -16 136 84 -34 5 36 105 122 16 89 146 89 31 -16 147 -43 148 138 146 42 96 104 -5 93 120 38 36 -8 78 55 46 -44 65 85 -50 44 131 76 29 32 133 -7 84 74 -49 60 146 -12 -9 -2 115 26 56 32 3 39 -39 31 115 34 8 74 -20 64 -4 144 22 -6 57 109 18 132 53 -44 0 -47 106 9 13 -5 
-26 4 16 -45 -45 -25 128 113 -48 71 -21 -23 129 52 150 20 -6 71 137 110 21 25 109 -19 24 102 117 123 134 29 82 148 -3 -43 28 73 99 -23 61 101 98 -41 15 60 15 4 -5 103 9 -19 39 -38 18 126 11 97 -43 -11 -41 101 75 105 73 22 74 50 60 79 139 10 103 67 122 61 148 94 79 23 123 0 -41 93 33 53 143 24 28 -17 69 20 51 117 -8 -33 -3 140 144 53 52 139 
40 118 147 141 136 40 -41 95 102 140 -20 90 33 71 50 111 125 114 43 33 122 47 -49 48 72 72 -44 110 -3 11 -26 101 92 74 31 -30 136 104 59 78 148 104 16 138 20 63 16 81 38 -24 7 7 47 138 79 33 -48 -27 130 116 -34 -11 -27 14 8 81 82 25 53 149 27 138 110 -26 120 135 1 123 38 138 31 135 -38 -42 39 68 69 102 -22 10 132 93 32 -21 108 -21 -26 93 83 0 
-17 -9 -24 97 -17 110 99 -49 113 46 -37 98 -38 124 68 56 110 127 44 16 21 83 -27 88 135 123 -31 1 8 120 -34 147 126 82 42 16 138 66 25 119 -46 -26 -8 45 1 120 21 19 46 122 61 18 75 96 80 74 90 1 149 124 68 120 -18 45 115 55 106 -46 84 85 27 51 13 -14 132 41 93 92 131 30 59 47 127 -8 94 -42 -2 87 -41 0 123 -13 134 129 103 94 102 -8 67 -28 
43 128 149 25 -19 101 22 120 17 56 10 108 -49 114 -39 18 21 99 7 103 120 -50 109 -28 47 -7 -9 56 -42 75 87 72 29 102 80 -1 95 84 44 65 127 115 20 76 110 51 36 127 -2 23 111 88 133 -30 21 97 -18 139 4 139 19 -17 -13 74 78 55 -20 16 -17 97 72 31 83 66 97 17 126 121 148 145 128 89 137 41 43 -9 119 130 104 106 30 -27 78 149 2 -17 50 7 21 75 
11 -50 20 150 46 31 45 -3 27 138 1 -40 146 46 138 146 23 111 85 29 54 56 109 -32 129 118 -4 12 118 116 68 144 2 124 43 137 23 -32 63 111 12 21 26 -5 140 50 95 -15 -3 8 145 -25 54 140 129 36 130 53 65 4 1 116 -9 108 142 48 22 118 94 114 -13 82 54 37 -21 87 30 -44 47 83 -43 76 66 2 97 19 -16 144 37 -43 140 -9 4 133 144 -35 64 122 83 18 
20 28 -13 -16 143 41 -9 136 -19 -20 70 67 101 69 88 -13 46 48 13 65 147 -11 72 -19 114 51 95 4 45 -23 -7 75 -11 39 43 89 -30 -40 108 127 58 43 124 86 52 113 53 126 5 45 88 52 61 110 91 98 87 149 78 37 72 99 -1 46 24 29 -9 74 127 47 147 124 150 120 18 138 15 148 52 36 22 -9 31 19 28 -6 51 10 54 15 29 63 72 34 100 -21 141 46 -12 72 
66 108 89 119 -5 123 -22 -49 34 104 28 85 -24 39 9 14 130 145 63 -26 25 142 25 70 121 -34 69 -18 147 30 88 14 136 -40 -44 -16 -46 1 8 1 49 16 130 41 66 15 91 51 37 60 78 25 36 77 -43 -26 -2 23 148 -9 81 88 101 98 2 63 53 1 -11 18 125 -38 93 -33 141 25 52 8 4 74 88 38 -15 68 10 39 92 45 9 55 54 37 148 -9 13 51 -32 138 48 11 
137 -6 54 74 -32 114 40 13 113 65 -22 -26 24 51 120 -11 42 148 60 100 25 46 -9 144 104 -18 -18 -28 130 130 45 23 56 44 -49 127 103 95 4 13 136 90 -3 1 -12 39 69 93 -7 115 98 12 131 -36 23 72 -1 -5 131 -4 59 128 18 135 -18 48 83 -42 -32 145 137 132 74 -5 110 90 -41 142 108 11 133 128 -21 115 116 82 149 48 17 44 -25 34 -24 89 129 52 26 149 -43 7 
92 78 80 29 -32 47 146 127 122 107 19 -14 -13 43 -46 132 -2 -41 88 138 87 18 -23 -36 22 89 117 40 112 122 65 2 1 93 147 -16 2 11 35 83 42 -35 20 -27 110 95 77 73 100 25 43 67 103 -35 101 130 140 -24 49 108 58 20 142 2 61 -31 -12 27 38 148 133 -12 71 -22 -47 111 81 -6 117 78 -11 94 20 40 139 128 46 55 -41 63 125 -48 99 58 35 126 78 24 123 -36 
-22 -44 -28 142 91 10 100 -40 -45 120 50 128 -21 27 58 42 78 -44 71 80 142 -47 -1 -37 -23 35 68 21 86 148 19 123 89 37 113 -4 -36 66 44 113 148 -29 -21 64 38 -1 -49 20 35 74 67 -1 143 27 70 -31 68 136 -1 111 66 45 -20 47 -22 9 137 -37 84 -41 -23 144 36 53 -44 2 -3 -19 87 125 36 -14 148 55 -8 39 -44 42 10 99 -16 141 123 -20 -22 64 60 149 -12 41 
-25 -12 145 135 133 17 131 -11 51 57 137 33 74 -38 11 97 133 -4 -6 77 123 77 -13 30 -4 51 69 -25 44 107 114 125 15 99 108 -14 88 81 107 -31 116 6 133 147 10 149 125 116 136 95 77 -22 -24 63 -25 49 64 126 -30 -4 32 25 105 57 147 95 125 4 -50 4 -36 7 10 84 127 76 -34 3 71 149 46 101 77 79 72 -42 126 86 73 -45 -31 138 76 -49 73 8 135 -14 -7 -14 
-28 -7 84 69 110 61 30 23 -3 131 105 127 -21 80 109 86 27 3 118 -32 31 -46 35 122 94 -22 -35 -19 54 83 10 -8 -7 -17 38 50 65 45 77 136 -35 -33 62 -27 -38 12 87 128 120 -6 125 66 78 141 87 37 -9 58 120 119 131 -5 57 -41 111 129 20 39 -6 66 -33 -40 70 100 119 67 131 20 140 19 -19 90 101 -38 -42 130 139 -36 83 132 -28 38 9 -38 139 142 48 4 114 87 
2 -19 40 131 33 -1 -32 41 -1 77 -2 102 90 147 50 43 38 -38 -2 -37 66 14 138 141 101 64 32 3 127 -50 111 47 28 67 -12 -35 81 -24 -20 63 112 92 -31 61 13 22 123 145 11 134 29 -31 -24 39 24 78 -8 60 32 77 123 34 70 103 -21 8 60 -30 28 -18 65 -44 29 -46 100 61 102 15 33 59 -36 -13 55 -40 -45 52 131 45 103 72 75 70 16 143 -8 15 10 -29 -32 39 
105 2 4 62 -7 110 102 90 110 31 99 125 24 128 30 -16 31 -30 36 -26 -32 -36 0 89 5 135 120 110 70 140 44 -44 103 94 79 136 108 137 112 -41 54 24 80 90 64 67 96 -46 35 139 -22 84 124 66 115 145 140 -13 89 -37 103 89 110 8 60 -35 80 138 50 36 -11 47 43 113 39 104 93 57 0 97 39 51 123 111 -42 20 -16 -24 53 5 57 -11 64 -43 123 -43 116 43 -30 117 
150 130 -39 63 62 49 49 113 58 -35 -22 129 -10 144 4 86 19 -50 120 -20 -20 16 108 112 71 104 -43 76 66 67 7 79 -16 94 -8 32 138 59 -45 -46 14 40 74 78 150 11 101 90 65 1 9 110 73 50 45 149 -42 79 -9 -21 28 112 62 132 51 78 64 6 148 140 51 33 0 -29 138 55 72 42 -22 -22 53 81 25 57 75 -11 34 20 63 100 105 83 142 145 69 150 -23 50 112 15 
33 42 -17 138 60 69 33 -10 -44 -6 53 149 31 114 -43 -36 31 63 95 26 138 -17 45 58 84 24 146 105 -46 71 60 -18 107 134 0 139 127 59 87 -6 6 80 -31 17 -50 124 76 51 -30 121 -36 -14 40 104 31 -34 74 -10 58 45 -6 95 70 38 94 28 -7 -17 11 104 115 60 113 7 102 10 117 -31 44 136 -36 -12 -31 67 37 31 99 81 37 66 -6 141 82 91 -6 60 88 120 118 88 
-15 18 82 53 10 142 22 -20 45 47 -22 15 8 -39 134 28 80 75 141 58 28 -39 75 -38 -50 16 -23 17 36 77 28 1 -8 -44 -33 79 -25 -39 92 83 -7 105 11 -44 64 67 128 -8 78 132 18 -17 76 104 147 34 67 69 135 -44 99 65 -10 18 27 -45 1 76 -30 -42 27 60 16 17 129 133 118 -7 81 117 -47 72 140 -8 26 -3 -37 62 54 65 -42 19 16 103 -11 30 82 33 -21 145 
-24 38 -42 66 -18 16 81 -34 28 112 17 140 -20 -9 122 11 80 110 37 -36 86 116 -30 44 -4 32 105 107 47 26 9 25 8 -12 130 -45 -19 110 92 69 29 56 -5 115 -16 30 133 44 127 57 92 77 67 80 98 24 86 47 -40 122 35 14 29 -17 137 57 55 -24 96 -15 -44 31 101 134 -37 -35 4 80 54 31 10 106 -49 25 15 21 94 59 12 -6 36 99 113 16 51 -23 126 0 122 12 
63 -49 14 -18 39 96 101 -47 137 -17 -24 95 105 88 81 57 -34 -32 59 129 105 20 77 68 138 69 40 -22 110 76 10 28 81 -41 -22 145 124 -25 -43 130 78 -1 116 95 5 107 24 135 -21 81 14 -14 85 -45 106 -1 58 12 94 55 91 147 36 128 -50 118 -28 58 -11 138 23 -18 132 -20 138 0 -15 143 66 114 -40 47 104 84 86 -5 132 78 59 4 53 -29 69 63 137 27 -4 95 76 34 
-41 14 36 79 122 84 112 -43 -17 56 58 112 1 -31 -37 112 109 134 -18 114 44 135 80 149 -30 -11 116 113 -1 139 85 125 125 104 144 109 104 -16 -23 -22 98 54 33 55 36 7 2 21 137 3 7 17 128 -14 50 107 13 -43 144 44 -49 149 132 115 60 132 -1 -18 -40 47 -30 12 12 65 122 137 90 -7 -43 15 -31 60 67 57 111 88 125 -45 121 107 -43 132 143 5 130 27 89 -10 94 144 
62 111 77 17 80 108 107 -4 16 136 37 -43 132 90 -37 -19 103 74 144 -47 57 148 -43 148 108 77 119 145 2 -27 46 44 -2 54 63 131 38 -3 -45 85 29 32 122 70 54 111 111 25 82 85 121 114 -39 61 64 112 8 63 3 -6 75 96 -28 93 120 80 114 129 110 83 53 127 90 67 141 83 -22 149 -33 39 2 33 134 107 22 111 128 -41 118 81 58 13 54 112 31 19 145 136 77 -12 
109 102 101 -44 -9 150 24 -49 108 78 95 14 62 116 93 0 120 62 7 -42 83 39 -4 -34 106 -23 42 35 77 88 -27 122 102 80 26 47 106 147 -44 51 -6 117 6 127 -20 56 -39 96 65 -19 -18 134 107 -34 63 68 -12 59 63 -44 58 -12 51 112 26 141 130 137 118 77 -14 -43 -44 44 -13 55 -48 77 69 -19 46 10 -43 131 145 -22 114 100 -36 46 34 31 -1 97 4 -5 -33 -33 21 5 
65 43 98 102 3 49 4 150 118 56 29 115 56 5 -24 85 -47 135 -15 27 2 134 15 64 110 88 77 13 -15 -35 23 96 -20 22 112 -38 148 -30 -22 51 69 -24 124 121 -44 -33 105 67 122 50 -39 49 135 -36 -20 42 38 94 100 21 130 114 101 -21 -6 105 -18 -26 9 -25 30 21 8 134 128 27 54 7 41 18 12 20 28 131 31 130 22 15 106 139 30 51 106 73 146 82 -48 63 -1 44 
113 64 117 83 135 -49 -21 -36 76 82 28 -12 50 79 -39 -28 17 -50 88 39 -31 -28 104 138 38 145 77 96 147 72 92 103 -29 95 118 -36 132 -33 93 100 -45 129 97 -20 89 -49 4 106 -32 83 38 -28 17 61 -37 38 38 144 31 65 44 73 6 148 57 63 83 -42 143 4 -6 44 96 -17 104 52 43 0 78 28 123 -25 15 45 150 104 117 91 85 42 22 124 30 -25 -33 15 128 17 -19 129 
22 143 -50 6 126 28 -4 -7 50 45 -45 -46 114 140 96 98 36 33 18 81 -39 53 101 21 -6 125 -31 -31 35 5 -25 74 66 94 39 9 34 -23 80 106 98 -33 -2 143 94 -41 17 128 11 -12 -47 -43 15 133 139 13 60 -21 3 80 60 89 137 74 41 19 137 88 14 18 115 57 122 -42 32 69 111 141 79 -31 132 57 40 141 60 67 40 90 1 3 3 -1 -6 -5 25 135 -47 74 60 -46 
-47 78 118 -18 132 129 124 137 130 -9 -14 84 64 107 -23 21 130 145 37 142 68 30 86 -35 114 -39 21 68 20 119 114 36 44 -16 -19 76 114 123 -46 95 96 15 96 -5 -26 21 30 107 -13 -31 10 11 28 -41 -6 12 79 79 70 137 4 88 -24 -24 92 98 -23 48 129 30 2 55 16 15 117 119 148 49 -19 23 4 64 55 0 110 71 132 69 121 93 102 60 110 112 -4 14 -37 -34 147 -14 
24 87 29 106 131 130 -2 6 24 125 -23 106 -49 54 -32 45 28 6 -45 28 22 59 -28 100 107 36 78 45 -20 28 113 -7 -17 42 2 65 130 111 126 112 64 -8 43 41 47 104 -17 -31 104 114 -10 59 -32 75 98 100 95 -30 113 13 140 -42 97 69 61 13 33 15 140 -24 -29 87 -49 15 107 136 -40 39 -3 104 -44 -8 -33 -19 30 -49 -19 -13 62 -33 63 127 95 18 134 118 80 115 59 -19 
-22 83 96 43 119 146 -16 73 50 0 -25 132 110 70 40 115 128 7 -6 50 -5 116 97 117 110 120 83 148 87 44 91 93 99 43 42 -49 -43 28 86 118 20 -1 150 134 114 -32 122 136 -20 78 31 -10 -22 16 98 119 77 -34 111 143 68 146 30 -34 110 -49 40 139 122 129 31 51 124 18 132 122 -6 69 25 98 29 -10 134 -6 30 49 46 117 17 33 -21 -37 -8 39 62 -45 -43 86 75 126 
-9 106 -33 12 44 -37 77 91 -17 150 97 78 64 91 141 -25 138 42 143 -21 144 41 144 70 29 117 30 94 50 113 -47 -34 35 -29 8 109 -32 100 -29 -17 144 131 142 108 27 71 104 -10 147 33 104 95 -30 99 -20 108 64 -4 69 -4 -31 -34 120 80 -11 104 32 -13 -16 37 106 44 98 84 103 28 81 42 145 -15 90 25 -33 109 -38 -12 44 -36 -7 99 70 -48 126 126 33 4 60 7 6 -35 
-29 26 144 31 -5 -22 -17 -11 118 -32 55 123 -21 102 63 70 0 72 133 35 98 117 -18 105 43 -45 67 110 12 -26 61 136 19 -27 4 44 108 107 135 101 35 -17 81 4 139 137 20 131 117 74 3 49 34 79 -3 95 74 -34 91 118 50 51 140 89 -22 115 131 140 -18 -37 69 126 24 71 -34 28 59 -45 -37 4 -48 96 129 20 11 14 101 -35 -12 104 92 31 102 84 101 28 -19 -36 -47 146 
15 58 109 42 39 -17 58 29 1 8 70 134 -25 65 121 1 -33 -22 24 116 48 69 48 76 -49 140 4 -6 30 142 70 23 57 102 8 32 -35 -48 -50 -4 140 35 -21 93 74 140 11 -17 111 82 113 121 139 -33 37 -49 82 -19 57 131 -15 -17 79 16 78 -45 88 113 -11 4 -25 146 62 74 10 0 112 101 121 -25 75 36 -23 85 40 -44 29 142 77 -27 36 -20 120 48 102 -9 51 67 -16 -33 
-35 -22 33 15 38 -29 90 116 108 76 23 -4 96 -48 -41 26 123 -14 68 110 9 26 13 68 -10 96 56 97 145 30 24 0 -2 -12 21 28 12 39 82 116 -24 4 136 -31 0 8 82 -37 -49 132 29 -4 38 40 47 58 -15 131 93 75 143 114 84 27 104 -15 91 -46 4 -38 6 -38 88 145 65 96 35 4 3 112 58 8 140 -36 10 130 122 -39 127 103 122 146 66 66 7 -44 16 90 144 61 
8 -40 112 66 25 110 95 95 44 -17 39 96 142 -6 32 -17 -28 -47 139 5 28 12 109 77 46 51 10 92 97 148 -46 124 143 -1 27 91 146 67 49 -36 147 -8 86 98 9 -21 146 121 123 -13 88 -30 92 52 14 26 44 134 91 143 128 27 31 9 68 69 -29 95 77 102 48 -9 105 10 131 -18 109 -19 40 96 145 47 44 125 54 139 14 134 115 92 -5 -23 34 70 -37 125 98 0 13 96 
