1 1 1 1 1 1 1 1 1 1 1 1 1 1 1 1 1 1 1 1 0 0 0 0 0 0 0 0 0 0 0 0 0 0 0 0 0 0 0 0 
1 1 1 1 1 1 1 1 1 1 1 1 1 1 1 1 1 1 1 1 0 0 0 0 0 0 0 0 0 0 0 0 0 0 0 0 0 0 0 0 
1 1 1 1 1 1 1 1 1 1 1 1 1 1 1 1 1 1 1 1 0 0 0 0 0 0 0 0 0 0 0 0 0 0 0 0 0 0 0 0 
1 1 1 1 1 1 1 1 1 1 1 1 1 1 1 1 1 1 1 1 0 0 0 0 0 0 0 0 0 0 0 0 0 0 0 0 0 0 0 0 
1 1 1 1 1 1 1 1 1 1 1 1 1 1 1 1 1 1 1 1 0 0 0 0 0 0 0 0 0 0 0 0 0 0 0 0 0 0 0 0 
1 1 1 1 1 1 1 1 1 1 1 1 1 1 1 1 1 1 1 1 0 0 0 0 0 0 0 0 0 0 0 0 0 0 0 0 0 0 0 0 
1 1 1 1 1 1 1 1 1 1 1 1 1 1 1 1 1 1 1 1 0 0 0 0 0 0 0 0 0 0 0 0 0 0 0 0 0 0 0 0 
1 1 1 1 1 1 1 1 1 1 1 1 1 1 1 1 1 1 1 1 0 0 0 0 0 0 0 0 0 0 0 0 0 0 0 0 0 0 0 0 
1 1 1 1 1 1 1 1 1 1 1 1 1 1 1 1 1 1 1 1 0 0 0 0 0 0 0 0 0 0 0 0 0 0 0 0 0 0 0 0 
1 1 1 1 1 1 1 1 1 1 1 1 1 1 1 1 1 1 1 1 0 0 0 0 0 0 0 0 0 0 0 0 0 0 0 0 0 0 0 0 
1 1 1 1 1 1 1 1 1 1 1 1 1 1 1 1 1 1 1 1 0 0 0 0 0 0 0 0 0 0 0 0 0 0 0 0 0 0 0 0 
1 1 1 1 1 1 1 1 1 1 1 1 1 1 1 1 1 1 1 1 0 0 0 0 0 0 0 0 0 0 0 0 0 0 0 0 0 0 0 0 
1 1 1 1 1 1 1 1 1 1 1 1 1 1 1 1 1 1 1 1 0 0 0 0 0 0 0 0 0 0 0 0 0 0 0 0 0 0 0 0 
1 1 1 1 1 1 1 1 1 1 1 1 1 1 1 1 1 1 1 1 0 0 0 0 0 0 0 0 0 0 0 0 0 0 0 0 0 0 0 0 
1 1 1 1 1 1 1 1 1 1 1 1 1 1 1 1 1 1 1 1 0 0 0 0 0 0 0 0 0 0 0 0 0 0 0 0 0 0 0 0 
1 1 1 1 1 1 1 1 1 1 1 1 1 1 1 1 1 1 1 1 0 0 0 0 0 0 0 0 0 0 0 0 0 0 0 0 0 0 0 0 
1 1 1 1 1 1 1 1 1 1 1 1 1 1 1 1 1 1 1 1 0 0 0 0 0 0 0 0 0 0 0 0 0 0 0 0 0 0 0 0 
1 1 1 1 1 1 1 1 1 1 1 1 1 1 1 1 1 1 1 1 0 0 0 0 0 0 0 0 0 0 0 0 0 0 0 0 0 0 0 0 
1 1 1 1 1 1 1 1 1 1 1 1 1 1 1 1 1 1 1 1 0 0 0 0 0 0 0 0 0 0 0 0 0 0 0 0 0 0 0 0 
1 1 1 1 1 1 1 1 1 1 1 1 1 1 1 1 1 1 1 1 0 0 0 0 0 0 0 0 0 0 0 0 0 0 0 0 0 0 0 0 
0 0 0 0 0 0 0 0 0 0 0 0 0 0 0 0 0 0 0 0 0 0 0 0 0 0 0 0 0 0 0 0 0 0 0 0 0 0 0 0 
0 0 0 0 0 0 0 0 0 0 0 0 0 0 0 0 0 0 0 0 0 0 0 0 0 0 0 0 0 0 0 0 0 0 0 0 0 0 0 0 
0 0 0 0 0 0 0 0 0 0 0 0 0 0 0 0 0 0 0 0 0 0 0 0 0 0 0 0 0 0 0 0 0 0 0 0 0 0 0 0 
0 0 0 0 0 0 0 0 0 0 0 0 0 0 0 0 0 0 0 0 0 0 0 0 0 0 0 0 0 0 0 0 0 0 0 0 0 0 0 0 
0 0 0 0 0 0 0 0 0 0 0 0 0 0 0 0 0 0 0 0 0 0 0 0 0 0 0 0 0 0 0 0 0 0 0 0 0 0 0 0 
0 0 0 0 0 0 0 0 0 0 0 0 0 0 0 0 0 0 0 0 0 0 0 0 0 0 0 0 0 0 0 0 0 0 0 0 0 0 0 0 
0 0 0 0 0 0 0 0 0 0 0 0 0 0 0 0 0 0 0 0 0 0 0 0 0 0 0 0 0 0 0 0 0 0 0 0 0 0 0 0 
0 0 0 0 0 0 0 0 0 0 0 0 0 0 0 0 0 0 0 0 0 0 0 0 0 0 0 0 0 0 0 0 0 0 0 0 0 0 0 0 
0 0 0 0 0 0 0 0 0 0 0 0 0 0 0 0 0 0 0 0 0 0 0 0 0 0 0 0 0 0 0 0 0 0 0 0 0 0 0 0 
0 0 0 0 0 0 0 0 0 0 0 0 0 0 0 0 0 0 0 0 0 0 0 0 0 0 0 0 0 0 0 0 0 0 0 0 0 0 0 0 
0 0 0 0 0 0 0 0 0 0 0 0 0 0 0 0 0 0 0 0 0 0 0 0 0 0 0 0 0 0 0 0 0 0 0 0 0 0 0 0 
0 0 0 0 0 0 0 0 0 0 0 0 0 0 0 0 0 0 0 0 0 0 0 0 0 0 0 0 0 0 0 0 0 0 0 0 0 0 0 0 
0 0 0 0 0 0 0 0 0 0 0 0 0 0 0 0 0 0 0 0 0 0 0 0 0 0 0 0 0 0 0 0 0 0 0 0 0 0 0 0 
0 0 0 0 0 0 0 0 0 0 0 0 0 0 0 0 0 0 0 0 0 0 0 0 0 0 0 0 0 0 0 0 0 0 0 0 0 0 0 0 
0 0 0 0 0 0 0 0 0 0 0 0 0 0 0 0 0 0 0 0 0 0 0 0 0 0 0 0 0 0 0 0 0 0 0 0 0 0 0 0 
0 0 0 0 0 0 0 0 0 0 0 0 0 0 0 0 0 0 0 0 0 0 0 0 0 0 0 0 0 0 0 0 0 0 0 0 0 0 0 0 
0 0 0 0 0 0 0 0 0 0 0 0 0 0 0 0 0 0 0 0 0 0 0 0 0 0 0 0 0 0 0 0 0 0 0 0 0 0 0 0 
0 0 0 0 0 0 0 0 0 0 0 0 0 0 0 0 0 0 0 0 0 0 0 0 0 0 0 0 0 0 0 0 0 0 0 0 0 0 0 0 
0 0 0 0 0 0 0 0 0 0 0 0 0 0 0 0 0 0 0 0 0 0 0 0 0 0 0 0 0 0 0 0 0 0 0 0 0 0 0 0 
0 0 0 0 0 0 0 0 0 0 0 0 0 0 0 0 0 0 0 0 0 0 0 0 0 0 0 0 0 0 0 0 0 0 0 0 0 0 0 0 

71 48 -17 36 -31 101 0 -3 30 34 108 64 59 18 23 -41 127 76 -42 98 -47 16 129 11 139 127 14 -3 -39 50 21 9 70 103 5 58 66 37 111 42 
-32 24 126 54 127 28 1 118 -9 65 -38 7 14 109 49 143 126 36 142 118 122 128 -17 6 -17 142 -43 111 95 -7 143 51 21 132 44 70 132 37 -42 50 
1 121 -39 49 -1 40 -49 65 -37 34 3 -19 62 49 148 82 55 -45 -48 26 -30 -33 -2 107 98 109 -40 63 64 101 83 -1 -48 118 74 72 82 143 -6 94 
101 56 123 93 -21 84 -28 105 17 -32 67 9 97 64 80 132 49 22 -47 148 133 -13 144 147 34 -27 4 144 -11 149 118 -21 -38 7 83 142 26 79 41 137 
44 1 54 115 24 5 46 9 8 46 53 117 -39 -27 109 11 73 121 144 37 47 18 -14 34 128 70 -29 71 111 25 69 15 19 -18 9 -26 -32 12 33 133 
-25 117 103 114 68 -23 149 -35 112 24 110 3 -6 48 64 18 141 22 -10 -23 36 -44 -5 -5 76 103 -38 84 46 69 120 71 122 127 -19 141 53 98 48 16 
69 142 7 57 143 -2 6 8 -3 78 17 -43 149 120 -14 -39 -49 21 133 90 148 20 50 112 105 -35 -4 92 -19 91 42 -2 131 80 134 74 7 146 66 129 
39 116 114 -48 -31 -12 38 71 11 143 -40 89 22 89 -26 114 41 -38 -14 77 -4 -17 -5 34 90 85 3 8 85 -1 13 -15 40 5 65 106 98 1 115 101 
-16 27 51 87 47 18 133 -25 145 47 -21 143 140 137 57 0 104 -23 56 -5 104 79 62 76 133 -19 13 148 71 16 51 117 -26 14 -11 83 45 -30 135 120 
54 143 62 -34 -23 110 15 92 -12 148 98 36 -43 150 127 60 5 138 34 95 62 113 13 -14 147 24 36 100 -33 -2 125 15 -28 74 -2 131 95 145 36 25 
147 84 32 102 30 130 42 101 61 90 138 -41 35 39 -47 100 48 41 118 15 98 109 42 -40 -39 -32 101 37 135 128 45 -8 -45 141 -21 108 40 75 52 148 
-35 124 2 6 -29 120 -1 -38 77 59 47 18 140 -7 126 -46 84 -7 101 148 122 52 122 90 86 -18 46 52 60 -38 145 -25 139 -24 76 127 112 -50 124 116 
134 107 93 -16 148 1 35 107 -27 89 -24 126 -12 106 -31 110 58 60 66 127 36 138 144 136 129 33 16 69 55 66 22 -21 48 -36 -32 -39 129 52 91 43 
36 127 -33 44 38 -41 121 119 51 81 49 6 58 73 83 -15 -2 57 61 20 26 -2 -19 6 129 -37 11 135 43 136 -48 115 86 -13 96 -22 -1 8 -3 26 
13 120 78 58 87 52 3 9 117 -22 8 -7 88 -30 -3 105 92 -41 -41 9 84 37 108 -47 84 76 150 123 28 71 -44 10 47 62 120 -50 92 36 126 61 
93 14 51 83 125 81 68 117 -35 62 86 135 -19 -44 139 -16 36 44 111 72 115 147 98 26 128 53 145 -42 -48 57 112 125 -34 -27 -41 51 -5 91 93 68 
-40 140 29 117 -7 125 -44 84 114 80 132 60 4 -28 9 144 18 98 60 133 65 65 115 -19 -3 48 126 30 115 -47 45 -18 143 2 19 41 146 141 91 103 
51 133 -34 90 99 2 117 75 88 101 92 47 60 -31 77 127 -24 32 100 74 44 148 -19 -14 19 129 124 145 -43 53 143 98 -37 43 -34 138 109 82 60 85 
35 149 -23 14 51 -27 125 59 91 68 80 9 132 74 -37 60 37 79 142 23 119 24 2 144 88 -11 113 30 56 122 74 66 93 69 -29 138 1 48 31 2 
-36 44 -39 48 -42 66 55 -6 105 131 37 25 43 -32 10 150 140 -38 -3 25 -49 88 88 15 148 9 -5 18 74 134 28 81 -6 -21 106 -9 -4 56 20 144 
-24 139 73 14 -6 49 17 142 -41 -28 64 -7 135 -27 130 -12 44 15 84 108 60 54 24 25 77 118 61 84 -34 13 20 -25 64 -46 85 -36 135 148 96 107 
-10 -14 -49 53 103 98 35 93 13 4 122 -40 22 -12 38 68 78 42 -23 37 71 59 150 59 79 130 0 58 15 7 125 8 67 45 -1 32 5 -32 50 137 
104 38 38 141 137 25 109 79 42 33 48 44 107 -10 35 75 112 91 48 85 123 -28 -14 115 -13 10 100 -2 -31 41 89 107 138 -47 40 21 33 135 -6 58 
108 52 -35 10 118 17 68 -38 72 97 17 -38 53 7 120 65 125 -11 125 16 104 44 -38 39 29 -35 64 104 146 30 -8 -14 103 9 115 107 15 -3 10 95 
-39 6 104 -23 76 110 107 120 150 -13 28 64 70 -44 27 -50 119 -46 119 41 -4 4 -47 113 105 44 74 61 124 79 -49 124 -1 17 39 -33 69 23 80 69 
71 67 73 54 60 89 76 34 -41 150 -46 6 -5 -32 83 43 2 117 -47 -39 40 8 94 32 -18 -50 103 96 -8 54 -18 96 114 47 47 48 -6 64 87 5 
115 -5 2 -27 -49 122 -23 106 -6 -49 71 9 -28 112 75 82 17 -7 -12 32 -39 80 19 72 116 43 36 -6 12 146 71 48 51 136 -28 72 67 76 104 -31 
76 103 23 -10 103 124 85 36 135 62 41 80 6 94 144 -8 -4 -48 -2 106 128 48 108 65 -36 111 29 -38 95 -17 42 -21 118 -9 -29 123 63 82 61 150 
13 81 -25 -44 135 72 -13 129 -2 145 95 -18 -38 29 39 110 20 -27 120 48 9 -36 138 -16 -35 49 58 57 42 -43 -43 148 34 80 100 134 80 24 -36 37 
83 78 36 -36 51 -31 42 8 41 -7 106 83 108 -27 118 27 -2 55 105 -19 -47 -5 -25 29 96 -3 131 -26 42 134 68 40 12 72 81 4 73 -12 -42 77 
97 -1 -1 140 88 -24 -23 -3 22 42 12 38 -16 67 52 -49 0 64 18 49 -13 118 2 44 56 77 29 92 -38 -10 -12 39 115 -26 35 -12 -5 -11 126 129 
-27 111 -16 105 -44 70 119 118 111 -9 149 -38 8 67 100 28 -18 77 -31 149 59 32 52 23 56 32 -9 -22 6 38 60 14 88 -27 104 26 53 101 93 48 
51 83 -34 43 -31 27 142 -39 72 39 113 -38 69 17 -5 12 -40 57 115 89 -23 12 53 30 122 -15 122 80 90 69 -38 150 36 76 114 -22 0 93 -10 64 
9 -48 23 78 61 73 115 -31 97 -15 45 14 11 -11 -29 81 25 21 0 22 -28 35 66 75 65 117 115 115 37 115 -23 89 8 -42 -4 51 100 -6 12 37 
135 27 -34 94 64 142 102 115 117 81 -32 84 118 140 -35 18 92 59 35 71 63 25 124 73 122 70 -3 -18 121 107 45 121 132 54 -31 55 26 5 52 109 
64 116 115 73 -20 128 -36 91 94 30 110 50 52 -31 113 -6 2 40 130 104 102 138 -39 87 -31 -42 11 36 53 64 -47 128 27 -2 58 -34 136 23 73 129 
32 30 35 117 -21 -45 76 54 116 53 121 42 108 142 7 50 123 95 15 75 100 -31 102 7 126 99 9 17 60 116 124 105 27 48 50 136 5 135 92 85 
133 22 88 140 1 150 147 114 106 108 143 138 14 51 19 11 32 -5 126 66 65 150 119 29 137 -16 -17 133 -43 75 135 29 93 36 73 105 60 -15 95 -13 
147 -19 129 74 112 -44 50 -15 -45 -40 -37 67 5 101 -24 22 64 -50 -39 -19 -12 17 33 80 69 -36 76 73 55 -35 144 91 129 -42 133 102 86 81 137 124 
113 19 90 138 15 -17 -44 90 -30 86 74 97 101 5 12 -32 143 11 16 -1 75 126 13 119 54 76 91 -47 146 -19 106 140 140 43 110 122 119 48 136 111 
