1 1 1 1 1 1 1 1 1 1 1 1 1 1 1 1 1 1 1 1 1 1 1 1 1 1 1 1 1 1 0 0 0 0 0 0 0 0 0 0 0 0 0 0 0 0 0 0 0 0 0 0 0 0 0 0 0 0 0 0 
1 1 1 1 1 1 1 1 1 1 1 1 1 1 1 1 1 1 1 1 1 1 1 1 1 1 1 1 1 1 0 0 0 0 0 0 0 0 0 0 0 0 0 0 0 0 0 0 0 0 0 0 0 0 0 0 0 0 0 0 
1 1 1 1 1 1 1 1 1 1 1 1 1 1 1 1 1 1 1 1 1 1 1 1 1 1 1 1 1 1 0 0 0 0 0 0 0 0 0 0 0 0 0 0 0 0 0 0 0 0 0 0 0 0 0 0 0 0 0 0 
1 1 1 1 1 1 1 1 1 1 1 1 1 1 1 1 1 1 1 1 1 1 1 1 1 1 1 1 1 1 0 0 0 0 0 0 0 0 0 0 0 0 0 0 0 0 0 0 0 0 0 0 0 0 0 0 0 0 0 0 
1 1 1 1 1 1 1 1 1 1 1 1 1 1 1 1 1 1 1 1 1 1 1 1 1 1 1 1 1 1 0 0 0 0 0 0 0 0 0 0 0 0 0 0 0 0 0 0 0 0 0 0 0 0 0 0 0 0 0 0 
1 1 1 1 1 1 1 1 1 1 1 1 1 1 1 1 1 1 1 1 1 1 1 1 1 1 1 1 1 1 0 0 0 0 0 0 0 0 0 0 0 0 0 0 0 0 0 0 0 0 0 0 0 0 0 0 0 0 0 0 
1 1 1 1 1 1 1 1 1 1 1 1 1 1 1 1 1 1 1 1 1 1 1 1 1 1 1 1 1 1 0 0 0 0 0 0 0 0 0 0 0 0 0 0 0 0 0 0 0 0 0 0 0 0 0 0 0 0 0 0 
1 1 1 1 1 1 1 1 1 1 1 1 1 1 1 1 1 1 1 1 1 1 1 1 1 1 1 1 1 1 0 0 0 0 0 0 0 0 0 0 0 0 0 0 0 0 0 0 0 0 0 0 0 0 0 0 0 0 0 0 
1 1 1 1 1 1 1 1 1 1 1 1 1 1 1 1 1 1 1 1 1 1 1 1 1 1 1 1 1 1 0 0 0 0 0 0 0 0 0 0 0 0 0 0 0 0 0 0 0 0 0 0 0 0 0 0 0 0 0 0 
1 1 1 1 1 1 1 1 1 1 1 1 1 1 1 1 1 1 1 1 1 1 1 1 1 1 1 1 1 1 0 0 0 0 0 0 0 0 0 0 0 0 0 0 0 0 0 0 0 0 0 0 0 0 0 0 0 0 0 0 
1 1 1 1 1 1 1 1 1 1 1 1 1 1 1 1 1 1 1 1 1 1 1 1 1 1 1 1 1 1 0 0 0 0 0 0 0 0 0 0 0 0 0 0 0 0 0 0 0 0 0 0 0 0 0 0 0 0 0 0 
1 1 1 1 1 1 1 1 1 1 1 1 1 1 1 1 1 1 1 1 1 1 1 1 1 1 1 1 1 1 0 0 0 0 0 0 0 0 0 0 0 0 0 0 0 0 0 0 0 0 0 0 0 0 0 0 0 0 0 0 
1 1 1 1 1 1 1 1 1 1 1 1 1 1 1 1 1 1 1 1 1 1 1 1 1 1 1 1 1 1 0 0 0 0 0 0 0 0 0 0 0 0 0 0 0 0 0 0 0 0 0 0 0 0 0 0 0 0 0 0 
1 1 1 1 1 1 1 1 1 1 1 1 1 1 1 1 1 1 1 1 1 1 1 1 1 1 1 1 1 1 0 0 0 0 0 0 0 0 0 0 0 0 0 0 0 0 0 0 0 0 0 0 0 0 0 0 0 0 0 0 
1 1 1 1 1 1 1 1 1 1 1 1 1 1 1 1 1 1 1 1 1 1 1 1 1 1 1 1 1 1 0 0 0 0 0 0 0 0 0 0 0 0 0 0 0 0 0 0 0 0 0 0 0 0 0 0 0 0 0 0 
1 1 1 1 1 1 1 1 1 1 1 1 1 1 1 1 1 1 1 1 1 1 1 1 1 1 1 1 1 1 0 0 0 0 0 0 0 0 0 0 0 0 0 0 0 0 0 0 0 0 0 0 0 0 0 0 0 0 0 0 
1 1 1 1 1 1 1 1 1 1 1 1 1 1 1 1 1 1 1 1 1 1 1 1 1 1 1 1 1 1 0 0 0 0 0 0 0 0 0 0 0 0 0 0 0 0 0 0 0 0 0 0 0 0 0 0 0 0 0 0 
1 1 1 1 1 1 1 1 1 1 1 1 1 1 1 1 1 1 1 1 1 1 1 1 1 1 1 1 1 1 0 0 0 0 0 0 0 0 0 0 0 0 0 0 0 0 0 0 0 0 0 0 0 0 0 0 0 0 0 0 
1 1 1 1 1 1 1 1 1 1 1 1 1 1 1 1 1 1 1 1 1 1 1 1 1 1 1 1 1 1 0 0 0 0 0 0 0 0 0 0 0 0 0 0 0 0 0 0 0 0 0 0 0 0 0 0 0 0 0 0 
1 1 1 1 1 1 1 1 1 1 1 1 1 1 1 1 1 1 1 1 1 1 1 1 1 1 1 1 1 1 0 0 0 0 0 0 0 0 0 0 0 0 0 0 0 0 0 0 0 0 0 0 0 0 0 0 0 0 0 0 
1 1 1 1 1 1 1 1 1 1 1 1 1 1 1 1 1 1 1 1 1 1 1 1 1 1 1 1 1 1 0 0 0 0 0 0 0 0 0 0 0 0 0 0 0 0 0 0 0 0 0 0 0 0 0 0 0 0 0 0 
1 1 1 1 1 1 1 1 1 1 1 1 1 1 1 1 1 1 1 1 1 1 1 1 1 1 1 1 1 1 0 0 0 0 0 0 0 0 0 0 0 0 0 0 0 0 0 0 0 0 0 0 0 0 0 0 0 0 0 0 
1 1 1 1 1 1 1 1 1 1 1 1 1 1 1 1 1 1 1 1 1 1 1 1 1 1 1 1 1 1 0 0 0 0 0 0 0 0 0 0 0 0 0 0 0 0 0 0 0 0 0 0 0 0 0 0 0 0 0 0 
1 1 1 1 1 1 1 1 1 1 1 1 1 1 1 1 1 1 1 1 1 1 1 1 1 1 1 1 1 1 0 0 0 0 0 0 0 0 0 0 0 0 0 0 0 0 0 0 0 0 0 0 0 0 0 0 0 0 0 0 
1 1 1 1 1 1 1 1 1 1 1 1 1 1 1 1 1 1 1 1 1 1 1 1 1 1 1 1 1 1 0 0 0 0 0 0 0 0 0 0 0 0 0 0 0 0 0 0 0 0 0 0 0 0 0 0 0 0 0 0 
1 1 1 1 1 1 1 1 1 1 1 1 1 1 1 1 1 1 1 1 1 1 1 1 1 1 1 1 1 1 0 0 0 0 0 0 0 0 0 0 0 0 0 0 0 0 0 0 0 0 0 0 0 0 0 0 0 0 0 0 
1 1 1 1 1 1 1 1 1 1 1 1 1 1 1 1 1 1 1 1 1 1 1 1 1 1 1 1 1 1 0 0 0 0 0 0 0 0 0 0 0 0 0 0 0 0 0 0 0 0 0 0 0 0 0 0 0 0 0 0 
1 1 1 1 1 1 1 1 1 1 1 1 1 1 1 1 1 1 1 1 1 1 1 1 1 1 1 1 1 1 0 0 0 0 0 0 0 0 0 0 0 0 0 0 0 0 0 0 0 0 0 0 0 0 0 0 0 0 0 0 
1 1 1 1 1 1 1 1 1 1 1 1 1 1 1 1 1 1 1 1 1 1 1 1 1 1 1 1 1 1 0 0 0 0 0 0 0 0 0 0 0 0 0 0 0 0 0 0 0 0 0 0 0 0 0 0 0 0 0 0 
1 1 1 1 1 1 1 1 1 1 1 1 1 1 1 1 1 1 1 1 1 1 1 1 1 1 1 1 1 1 0 0 0 0 0 0 0 0 0 0 0 0 0 0 0 0 0 0 0 0 0 0 0 0 0 0 0 0 0 0 
0 0 0 0 0 0 0 0 0 0 0 0 0 0 0 0 0 0 0 0 0 0 0 0 0 0 0 0 0 0 0 0 0 0 0 0 0 0 0 0 0 0 0 0 0 0 0 0 0 0 0 0 0 0 0 0 0 0 0 0 
0 0 0 0 0 0 0 0 0 0 0 0 0 0 0 0 0 0 0 0 0 0 0 0 0 0 0 0 0 0 0 0 0 0 0 0 0 0 0 0 0 0 0 0 0 0 0 0 0 0 0 0 0 0 0 0 0 0 0 0 
0 0 0 0 0 0 0 0 0 0 0 0 0 0 0 0 0 0 0 0 0 0 0 0 0 0 0 0 0 0 0 0 0 0 0 0 0 0 0 0 0 0 0 0 0 0 0 0 0 0 0 0 0 0 0 0 0 0 0 0 
0 0 0 0 0 0 0 0 0 0 0 0 0 0 0 0 0 0 0 0 0 0 0 0 0 0 0 0 0 0 0 0 0 0 0 0 0 0 0 0 0 0 0 0 0 0 0 0 0 0 0 0 0 0 0 0 0 0 0 0 
0 0 0 0 0 0 0 0 0 0 0 0 0 0 0 0 0 0 0 0 0 0 0 0 0 0 0 0 0 0 0 0 0 0 0 0 0 0 0 0 0 0 0 0 0 0 0 0 0 0 0 0 0 0 0 0 0 0 0 0 
0 0 0 0 0 0 0 0 0 0 0 0 0 0 0 0 0 0 0 0 0 0 0 0 0 0 0 0 0 0 0 0 0 0 0 0 0 0 0 0 0 0 0 0 0 0 0 0 0 0 0 0 0 0 0 0 0 0 0 0 
0 0 0 0 0 0 0 0 0 0 0 0 0 0 0 0 0 0 0 0 0 0 0 0 0 0 0 0 0 0 0 0 0 0 0 0 0 0 0 0 0 0 0 0 0 0 0 0 0 0 0 0 0 0 0 0 0 0 0 0 
0 0 0 0 0 0 0 0 0 0 0 0 0 0 0 0 0 0 0 0 0 0 0 0 0 0 0 0 0 0 0 0 0 0 0 0 0 0 0 0 0 0 0 0 0 0 0 0 0 0 0 0 0 0 0 0 0 0 0 0 
0 0 0 0 0 0 0 0 0 0 0 0 0 0 0 0 0 0 0 0 0 0 0 0 0 0 0 0 0 0 0 0 0 0 0 0 0 0 0 0 0 0 0 0 0 0 0 0 0 0 0 0 0 0 0 0 0 0 0 0 
0 0 0 0 0 0 0 0 0 0 0 0 0 0 0 0 0 0 0 0 0 0 0 0 0 0 0 0 0 0 0 0 0 0 0 0 0 0 0 0 0 0 0 0 0 0 0 0 0 0 0 0 0 0 0 0 0 0 0 0 
0 0 0 0 0 0 0 0 0 0 0 0 0 0 0 0 0 0 0 0 0 0 0 0 0 0 0 0 0 0 0 0 0 0 0 0 0 0 0 0 0 0 0 0 0 0 0 0 0 0 0 0 0 0 0 0 0 0 0 0 
0 0 0 0 0 0 0 0 0 0 0 0 0 0 0 0 0 0 0 0 0 0 0 0 0 0 0 0 0 0 0 0 0 0 0 0 0 0 0 0 0 0 0 0 0 0 0 0 0 0 0 0 0 0 0 0 0 0 0 0 
0 0 0 0 0 0 0 0 0 0 0 0 0 0 0 0 0 0 0 0 0 0 0 0 0 0 0 0 0 0 0 0 0 0 0 0 0 0 0 0 0 0 0 0 0 0 0 0 0 0 0 0 0 0 0 0 0 0 0 0 
0 0 0 0 0 0 0 0 0 0 0 0 0 0 0 0 0 0 0 0 0 0 0 0 0 0 0 0 0 0 0 0 0 0 0 0 0 0 0 0 0 0 0 0 0 0 0 0 0 0 0 0 0 0 0 0 0 0 0 0 
0 0 0 0 0 0 0 0 0 0 0 0 0 0 0 0 0 0 0 0 0 0 0 0 0 0 0 0 0 0 0 0 0 0 0 0 0 0 0 0 0 0 0 0 0 0 0 0 0 0 0 0 0 0 0 0 0 0 0 0 
0 0 0 0 0 0 0 0 0 0 0 0 0 0 0 0 0 0 0 0 0 0 0 0 0 0 0 0 0 0 0 0 0 0 0 0 0 0 0 0 0 0 0 0 0 0 0 0 0 0 0 0 0 0 0 0 0 0 0 0 
0 0 0 0 0 0 0 0 0 0 0 0 0 0 0 0 0 0 0 0 0 0 0 0 0 0 0 0 0 0 0 0 0 0 0 0 0 0 0 0 0 0 0 0 0 0 0 0 0 0 0 0 0 0 0 0 0 0 0 0 
0 0 0 0 0 0 0 0 0 0 0 0 0 0 0 0 0 0 0 0 0 0 0 0 0 0 0 0 0 0 0 0 0 0 0 0 0 0 0 0 0 0 0 0 0 0 0 0 0 0 0 0 0 0 0 0 0 0 0 0 
0 0 0 0 0 0 0 0 0 0 0 0 0 0 0 0 0 0 0 0 0 0 0 0 0 0 0 0 0 0 0 0 0 0 0 0 0 0 0 0 0 0 0 0 0 0 0 0 0 0 0 0 0 0 0 0 0 0 0 0 
0 0 0 0 0 0 0 0 0 0 0 0 0 0 0 0 0 0 0 0 0 0 0 0 0 0 0 0 0 0 0 0 0 0 0 0 0 0 0 0 0 0 0 0 0 0 0 0 0 0 0 0 0 0 0 0 0 0 0 0 
0 0 0 0 0 0 0 0 0 0 0 0 0 0 0 0 0 0 0 0 0 0 0 0 0 0 0 0 0 0 0 0 0 0 0 0 0 0 0 0 0 0 0 0 0 0 0 0 0 0 0 0 0 0 0 0 0 0 0 0 
0 0 0 0 0 0 0 0 0 0 0 0 0 0 0 0 0 0 0 0 0 0 0 0 0 0 0 0 0 0 0 0 0 0 0 0 0 0 0 0 0 0 0 0 0 0 0 0 0 0 0 0 0 0 0 0 0 0 0 0 
0 0 0 0 0 0 0 0 0 0 0 0 0 0 0 0 0 0 0 0 0 0 0 0 0 0 0 0 0 0 0 0 0 0 0 0 0 0 0 0 0 0 0 0 0 0 0 0 0 0 0 0 0 0 0 0 0 0 0 0 
0 0 0 0 0 0 0 0 0 0 0 0 0 0 0 0 0 0 0 0 0 0 0 0 0 0 0 0 0 0 0 0 0 0 0 0 0 0 0 0 0 0 0 0 0 0 0 0 0 0 0 0 0 0 0 0 0 0 0 0 
0 0 0 0 0 0 0 0 0 0 0 0 0 0 0 0 0 0 0 0 0 0 0 0 0 0 0 0 0 0 0 0 0 0 0 0 0 0 0 0 0 0 0 0 0 0 0 0 0 0 0 0 0 0 0 0 0 0 0 0 
0 0 0 0 0 0 0 0 0 0 0 0 0 0 0 0 0 0 0 0 0 0 0 0 0 0 0 0 0 0 0 0 0 0 0 0 0 0 0 0 0 0 0 0 0 0 0 0 0 0 0 0 0 0 0 0 0 0 0 0 
0 0 0 0 0 0 0 0 0 0 0 0 0 0 0 0 0 0 0 0 0 0 0 0 0 0 0 0 0 0 0 0 0 0 0 0 0 0 0 0 0 0 0 0 0 0 0 0 0 0 0 0 0 0 0 0 0 0 0 0 
0 0 0 0 0 0 0 0 0 0 0 0 0 0 0 0 0 0 0 0 0 0 0 0 0 0 0 0 0 0 0 0 0 0 0 0 0 0 0 0 0 0 0 0 0 0 0 0 0 0 0 0 0 0 0 0 0 0 0 0 
0 0 0 0 0 0 0 0 0 0 0 0 0 0 0 0 0 0 0 0 0 0 0 0 0 0 0 0 0 0 0 0 0 0 0 0 0 0 0 0 0 0 0 0 0 0 0 0 0 0 0 0 0 0 0 0 0 0 0 0 
0 0 0 0 0 0 0 0 0 0 0 0 0 0 0 0 0 0 0 0 0 0 0 0 0 0 0 0 0 0 0 0 0 0 0 0 0 0 0 0 0 0 0 0 0 0 0 0 0 0 0 0 0 0 0 0 0 0 0 0 

71 48 -17 36 -31 101 0 -3 30 34 108 64 59 18 23 -41 127 76 -42 98 -47 16 129 11 139 127 14 -3 -39 50 21 9 70 103 5 58 66 37 111 42 -32 24 126 54 127 28 1 118 -9 65 -38 7 14 109 49 143 126 36 142 118 
122 128 -17 6 -17 142 -43 111 95 -7 143 51 21 132 44 70 132 37 -42 50 1 121 -39 49 -1 40 -49 65 -37 34 3 -19 62 49 148 82 55 -45 -48 26 -30 -33 -2 107 98 109 -40 63 64 101 83 -1 -48 118 74 72 82 143 -6 94 
101 56 123 93 -21 84 -28 105 17 -32 67 9 97 64 80 132 49 22 -47 148 133 -13 144 147 34 -27 4 144 -11 149 118 -21 -38 7 83 142 26 79 41 137 44 1 54 115 24 5 46 9 8 46 53 117 -39 -27 109 11 73 121 144 37 
47 18 -14 34 128 70 -29 71 111 25 69 15 19 -18 9 -26 -32 12 33 133 -25 117 103 114 68 -23 149 -35 112 24 110 3 -6 48 64 18 141 22 -10 -23 36 -44 -5 -5 76 103 -38 84 46 69 120 71 122 127 -19 141 53 98 48 16 
69 142 7 57 143 -2 6 8 -3 78 17 -43 149 120 -14 -39 -49 21 133 90 148 20 50 112 105 -35 -4 92 -19 91 42 -2 131 80 134 74 7 146 66 129 39 116 114 -48 -31 -12 38 71 11 143 -40 89 22 89 -26 114 41 -38 -14 77 
-4 -17 -5 34 90 85 3 8 85 -1 13 -15 40 5 65 106 98 1 115 101 -16 27 51 87 47 18 133 -25 145 47 -21 143 140 137 57 0 104 -23 56 -5 104 79 62 76 133 -19 13 148 71 16 51 117 -26 14 -11 83 45 -30 135 120 
54 143 62 -34 -23 110 15 92 -12 148 98 36 -43 150 127 60 5 138 34 95 62 113 13 -14 147 24 36 100 -33 -2 125 15 -28 74 -2 131 95 145 36 25 147 84 32 102 30 130 42 101 61 90 138 -41 35 39 -47 100 48 41 118 15 
98 109 42 -40 -39 -32 101 37 135 128 45 -8 -45 141 -21 108 40 75 52 148 -35 124 2 6 -29 120 -1 -38 77 59 47 18 140 -7 126 -46 84 -7 101 148 122 52 122 90 86 -18 46 52 60 -38 145 -25 139 -24 76 127 112 -50 124 116 
134 107 93 -16 148 1 35 107 -27 89 -24 126 -12 106 -31 110 58 60 66 127 36 138 144 136 129 33 16 69 55 66 22 -21 48 -36 -32 -39 129 52 91 43 36 127 -33 44 38 -41 121 119 51 81 49 6 58 73 83 -15 -2 57 61 20 
26 -2 -19 6 129 -37 11 135 43 136 -48 115 86 -13 96 -22 -1 8 -3 26 13 120 78 58 87 52 3 9 117 -22 8 -7 88 -30 -3 105 92 -41 -41 9 84 37 108 -47 84 76 150 123 28 71 -44 10 47 62 120 -50 92 36 126 61 
93 14 51 83 125 81 68 117 -35 62 86 135 -19 -44 139 -16 36 44 111 72 115 147 98 26 128 53 145 -42 -48 57 112 125 -34 -27 -41 51 -5 91 93 68 -40 140 29 117 -7 125 -44 84 114 80 132 60 4 -28 9 144 18 98 60 133 
65 65 115 -19 -3 48 126 30 115 -47 45 -18 143 2 19 41 146 141 91 103 51 133 -34 90 99 2 117 75 88 101 92 47 60 -31 77 127 -24 32 100 74 44 148 -19 -14 19 129 124 145 -43 53 143 98 -37 43 -34 138 109 82 60 85 
35 149 -23 14 51 -27 125 59 91 68 80 9 132 74 -37 60 37 79 142 23 119 24 2 144 88 -11 113 30 56 122 74 66 93 69 -29 138 1 48 31 2 -36 44 -39 48 -42 66 55 -6 105 131 37 25 43 -32 10 150 140 -38 -3 25 
-49 88 88 15 148 9 -5 18 74 134 28 81 -6 -21 106 -9 -4 56 20 144 -24 139 73 14 -6 49 17 142 -41 -28 64 -7 135 -27 130 -12 44 15 84 108 60 54 24 25 77 118 61 84 -34 13 20 -25 64 -46 85 -36 135 148 96 107 
-10 -14 -49 53 103 98 35 93 13 4 122 -40 22 -12 38 68 78 42 -23 37 71 59 150 59 79 130 0 58 15 7 125 8 67 45 -1 32 5 -32 50 137 104 38 38 141 137 25 109 79 42 33 48 44 107 -10 35 75 112 91 48 85 
123 -28 -14 115 -13 10 100 -2 -31 41 89 107 138 -47 40 21 33 135 -6 58 108 52 -35 10 118 17 68 -38 72 97 17 -38 53 7 120 65 125 -11 125 16 104 44 -38 39 29 -35 64 104 146 30 -8 -14 103 9 115 107 15 -3 10 95 
-39 6 104 -23 76 110 107 120 150 -13 28 64 70 -44 27 -50 119 -46 119 41 -4 4 -47 113 105 44 74 61 124 79 -49 124 -1 17 39 -33 69 23 80 69 71 67 73 54 60 89 76 34 -41 150 -46 6 -5 -32 83 43 2 117 -47 -39 
40 8 94 32 -18 -50 103 96 -8 54 -18 96 114 47 47 48 -6 64 87 5 115 -5 2 -27 -49 122 -23 106 -6 -49 71 9 -28 112 75 82 17 -7 -12 32 -39 80 19 72 116 43 36 -6 12 146 71 48 51 136 -28 72 67 76 104 -31 
76 103 23 -10 103 124 85 36 135 62 41 80 6 94 144 -8 -4 -48 -2 106 128 48 108 65 -36 111 29 -38 95 -17 42 -21 118 -9 -29 123 63 82 61 150 13 81 -25 -44 135 72 -13 129 -2 145 95 -18 -38 29 39 110 20 -27 120 48 
9 -36 138 -16 -35 49 58 57 42 -43 -43 148 34 80 100 134 80 24 -36 37 83 78 36 -36 51 -31 42 8 41 -7 106 83 108 -27 118 27 -2 55 105 -19 -47 -5 -25 29 96 -3 131 -26 42 134 68 40 12 72 81 4 73 -12 -42 77 
97 -1 -1 140 88 -24 -23 -3 22 42 12 38 -16 67 52 -49 0 64 18 49 -13 118 2 44 56 77 29 92 -38 -10 -12 39 115 -26 35 -12 -5 -11 126 129 -27 111 -16 105 -44 70 119 118 111 -9 149 -38 8 67 100 28 -18 77 -31 149 
59 32 52 23 56 32 -9 -22 6 38 60 14 88 -27 104 26 53 101 93 48 51 83 -34 43 -31 27 142 -39 72 39 113 -38 69 17 -5 12 -40 57 115 89 -23 12 53 30 122 -15 122 80 90 69 -38 150 36 76 114 -22 0 93 -10 64 
9 -48 23 78 61 73 115 -31 97 -15 45 14 11 -11 -29 81 25 21 0 22 -28 35 66 75 65 117 115 115 37 115 -23 89 8 -42 -4 51 100 -6 12 37 135 27 -34 94 64 142 102 115 117 81 -32 84 118 140 -35 18 92 59 35 71 
63 25 124 73 122 70 -3 -18 121 107 45 121 132 54 -31 55 26 5 52 109 64 116 115 73 -20 128 -36 91 94 30 110 50 52 -31 113 -6 2 40 130 104 102 138 -39 87 -31 -42 11 36 53 64 -47 128 27 -2 58 -34 136 23 73 129 
32 30 35 117 -21 -45 76 54 116 53 121 42 108 142 7 50 123 95 15 75 100 -31 102 7 126 99 9 17 60 116 124 105 27 48 50 136 5 135 92 85 133 22 88 140 1 150 147 114 106 108 143 138 14 51 19 11 32 -5 126 66 
65 150 119 29 137 -16 -17 133 -43 75 135 29 93 36 73 105 60 -15 95 -13 147 -19 129 74 112 -44 50 -15 -45 -40 -37 67 5 101 -24 22 64 -50 -39 -19 -12 17 33 80 69 -36 76 73 55 -35 144 91 129 -42 133 102 86 81 137 124 
113 19 90 138 15 -17 -44 90 -30 86 74 97 101 5 12 -32 143 11 16 -1 75 126 13 119 54 76 91 -47 146 -19 106 140 140 43 110 122 119 48 136 111 -19 121 -45 -36 117 -27 12 -1 -8 -18 91 -41 35 13 6 129 37 77 21 -40 
2 45 -25 72 103 65 37 112 10 130 133 113 148 -12 82 -32 1 143 129 -50 0 79 74 -11 94 -35 -37 137 113 39 71 3 -20 -19 106 84 135 85 79 41 -44 61 113 51 77 88 68 53 59 125 65 -42 27 9 78 -21 87 105 66 26 
45 127 27 117 62 28 94 95 64 8 -28 45 16 50 84 84 -18 -44 9 103 60 114 105 42 32 7 29 134 -11 -7 67 -35 40 127 93 50 65 123 9 41 -50 25 133 -40 -17 75 -14 -44 86 18 107 50 150 45 106 47 86 132 110 11 
2 103 -40 -10 30 27 28 9 -17 139 125 78 -43 122 67 -19 94 100 -18 -20 107 90 21 83 60 39 66 137 49 92 54 14 117 72 30 138 90 63 -44 21 19 86 43 88 27 -29 45 136 142 45 13 119 143 82 138 115 144 91 14 47 
26 115 124 74 144 -37 -44 31 -23 101 117 96 32 -45 116 -6 98 -15 -17 125 7 96 59 99 -50 42 101 -13 83 8 8 41 40 8 56 143 6 -14 123 42 69 69 13 54 -4 -7 4 108 -45 131 14 61 48 61 141 108 69 14 125 1 
129 -35 34 63 16 136 45 -18 53 0 22 123 95 103 147 -44 -17 36 -5 -38 100 33 67 59 120 63 68 -34 60 -18 36 -40 78 -37 39 -22 96 37 27 53 116 23 12 111 -12 30 43 50 41 -12 -18 71 133 33 -9 -23 -17 -19 59 140 
107 129 109 3 88 -17 6 25 105 23 86 122 107 -35 -46 66 120 -33 18 17 11 74 29 116 -5 21 127 53 129 -48 100 112 -48 110 39 38 86 136 -22 15 -4 15 43 37 -12 57 81 60 10 6 52 71 57 65 146 44 138 142 68 7 
-4 139 69 87 56 -46 31 127 2 -9 117 32 119 -21 37 -23 -35 75 79 45 9 25 57 9 142 131 -47 55 -17 139 -26 40 8 -17 76 -10 20 27 142 43 -8 -13 60 86 -18 2 97 135 81 104 144 43 146 67 134 27 120 116 -3 4 
-16 31 110 -11 120 -38 63 104 11 19 33 87 -5 -50 12 35 -11 -13 97 -5 82 119 89 142 47 100 11 69 -26 71 131 -44 51 15 80 -47 102 149 88 132 86 98 -42 132 33 47 34 -31 -5 106 63 56 -13 129 -40 140 144 -20 125 38 
19 44 78 39 140 39 59 86 1 143 70 14 24 132 31 -45 54 -48 130 5 99 150 63 62 60 47 -37 115 8 46 -48 82 41 79 117 15 128 138 -25 8 38 123 129 26 129 46 -45 24 54 112 7 -46 32 133 -4 73 9 -25 48 -27 
101 57 76 36 148 98 23 139 -33 -2 38 51 0 72 27 65 31 148 145 -36 -31 5 -20 126 -17 128 -31 129 58 46 144 103 39 58 129 51 4 107 10 51 30 -27 8 -46 97 126 19 98 11 127 -40 -27 120 -29 8 144 -40 -39 140 76 
88 62 -9 -14 37 135 138 -7 -18 119 54 -35 92 -21 88 32 -44 98 61 33 -12 11 16 62 103 92 60 12 5 128 117 -42 -36 -29 138 147 -11 131 15 90 3 99 86 -22 -45 22 127 150 111 22 144 132 140 68 -24 5 98 133 49 9 
79 73 49 40 -19 21 11 80 -17 46 22 80 -21 21 23 31 64 118 84 95 14 -30 28 126 42 66 77 -29 128 41 77 68 21 3 -20 50 -4 -37 94 28 41 36 86 18 94 102 -9 -37 23 106 21 -19 -17 75 -34 -25 148 39 -43 -34 
-16 104 80 111 53 130 -37 21 29 -39 57 -49 75 90 82 72 19 95 59 17 106 141 111 -33 6 93 -41 23 116 144 -14 76 93 22 102 -4 34 -38 82 144 -35 1 98 50 30 100 113 38 -31 -8 145 135 84 77 100 67 38 20 148 50 
54 138 71 84 9 21 7 -31 -26 74 38 41 17 85 35 147 -19 89 101 147 10 149 -14 64 63 -44 84 34 90 111 102 -31 109 83 80 137 42 -48 -42 -37 116 114 94 -49 -43 -3 -27 -26 83 87 117 12 122 150 24 136 55 101 115 -34 
-16 89 148 136 -35 117 -42 34 47 92 106 6 104 -10 -30 8 100 86 29 3 104 121 33 -21 -11 -1 4 78 63 92 -8 91 107 104 -30 100 86 88 127 -44 -4 -32 15 -8 48 63 121 21 73 77 54 101 3 -17 52 111 93 24 17 -4 
95 -27 65 55 84 134 142 85 30 49 115 99 -3 92 111 126 -45 21 57 120 121 46 41 5 -22 -22 -20 0 51 70 -12 22 -24 -21 -11 143 95 134 -15 95 72 -36 137 19 144 98 65 80 75 83 16 107 -49 102 -40 3 39 14 97 39 
-10 -29 -36 -8 52 41 -41 2 105 93 7 57 113 -6 -10 83 65 0 64 -5 -2 84 118 113 46 70 128 -38 18 24 55 54 34 11 -45 48 -43 -2 -19 -12 -50 93 43 134 88 1 53 -32 8 71 101 -42 7 140 106 31 -9 120 89 141 
12 104 121 -19 53 50 150 68 82 7 -8 -17 -47 26 67 124 14 69 19 30 96 57 98 23 51 48 40 98 85 148 144 40 111 67 58 83 101 134 86 146 93 86 14 100 9 117 12 103 1 -11 3 140 133 62 15 131 121 75 140 140 
60 35 2 101 -37 87 51 8 138 42 8 19 -29 92 16 -2 -49 -47 135 58 34 137 63 -18 -18 -38 39 39 116 50 -1 128 69 77 2 72 -13 20 -33 102 86 15 48 33 -38 62 6 -24 8 99 147 36 -17 -15 56 46 -22 149 141 0 
-47 138 75 94 29 34 130 -6 1 86 27 89 78 -34 51 102 28 142 56 47 102 -48 -31 -9 -46 77 83 39 -39 20 53 115 -35 72 138 59 16 40 119 -35 -42 90 -26 146 -38 23 -27 -14 149 137 -20 29 73 128 -50 -14 81 -1 150 86 
-47 -2 -47 15 109 143 -2 47 13 24 82 107 19 -7 56 -2 92 53 -28 114 85 39 140 74 51 5 89 87 -42 26 -22 -40 93 133 -39 65 -4 125 111 133 -5 3 124 32 -7 51 -33 -19 119 41 127 -41 137 -19 62 112 69 13 14 -10 
-44 4 56 12 -31 107 133 140 24 -49 100 133 119 70 -29 61 53 -23 -26 5 138 141 135 75 144 66 130 54 116 -8 78 -31 70 102 138 88 84 23 -16 36 140 127 55 13 65 138 94 49 129 -47 -38 -22 -22 6 144 42 105 99 30 31 
51 76 2 30 69 -24 82 141 -32 116 128 122 90 27 129 144 38 -23 -6 -22 -43 123 -21 105 50 141 51 49 48 21 22 47 -22 35 11 56 -24 28 79 42 129 115 97 -13 143 87 121 53 8 -8 57 98 50 -41 2 6 95 94 82 57 
101 112 84 80 10 54 113 89 129 6 140 103 57 -30 -17 19 -33 121 49 84 112 34 47 30 0 99 109 125 -23 -24 94 86 138 82 135 2 51 76 55 95 -7 136 -17 122 98 -33 -28 4 -17 134 -10 76 70 -10 77 27 109 3 64 30 
138 -8 -11 89 56 34 115 120 84 140 74 -15 70 -19 -41 107 48 1 137 -37 68 -18 150 -32 52 -11 -3 41 67 50 -41 -24 149 86 126 -43 110 58 -43 -41 -7 131 150 -32 -2 -42 121 34 -7 127 82 92 -39 42 8 18 70 15 80 17 
144 3 44 127 -20 77 120 2 113 75 137 107 -49 80 -14 84 136 139 116 -12 38 107 1 61 73 97 139 -33 127 -11 -7 -44 54 119 83 24 -49 120 119 -33 114 3 -41 140 73 -14 -25 116 17 48 -43 -2 32 30 6 135 64 69 78 -38 
73 -45 9 -42 67 147 -26 -48 35 102 48 -22 81 44 140 -16 12 145 -29 142 93 30 71 -13 51 -48 36 141 -24 148 75 -41 -15 -18 -19 26 3 28 -16 38 7 98 141 29 56 -47 -39 99 79 84 -37 76 144 -15 5 104 -15 -49 150 -34 
95 138 0 26 23 73 5 -43 21 32 14 -23 -13 -26 114 34 -26 -18 145 109 47 99 103 -38 133 -19 116 40 57 -20 112 25 130 125 35 -7 74 127 -33 49 37 -9 -41 -2 17 113 134 47 54 139 79 -28 86 143 -50 -12 146 34 136 109 
-1 60 -25 -22 113 22 53 131 -42 40 88 112 102 -21 -47 -16 -43 121 64 133 25 64 88 93 41 -49 14 -27 79 60 104 101 129 44 -21 59 130 27 18 94 92 123 74 72 61 124 140 75 101 -23 50 119 107 5 38 20 -2 65 146 81 
32 97 20 103 10 39 122 -32 111 135 96 -44 -30 -34 3 129 125 113 82 44 34 17 111 -33 30 -31 64 -41 63 45 129 37 123 -6 139 -33 -7 135 150 103 25 62 143 90 -13 -12 57 15 145 62 69 -40 125 1 11 -2 146 -33 132 132 
73 90 142 41 135 138 101 20 -23 37 22 35 80 57 79 11 72 112 -9 86 105 -50 -3 -48 126 -15 79 86 88 135 74 2 63 116 0 -22 118 150 100 40 149 32 30 -50 75 140 136 89 5 4 101 -31 101 29 132 44 -42 44 -37 12 
85 93 -9 85 -46 128 -37 -14 2 -40 86 14 143 80 128 99 122 -18 30 -13 136 -32 -30 45 19 106 -3 92 82 60 -31 97 57 -46 119 1 100 36 58 47 51 123 124 61 79 32 130 -13 80 91 44 13 52 -14 56 45 113 126 21 123 
-12 59 18 18 39 -8 -5 73 -39 -18 65 81 84 95 147 23 26 141 14 93 9 99 10 124 -1 13 -6 15 96 68 -25 100 83 50 56 107 130 134 148 -22 127 73 3 -27 -27 28 47 103 -45 71 111 53 -25 33 48 46 115 63 -15 41 
