1 1 1 1 1 1 1 1 1 1 0 0 0 0 0 0 0 0 0 0 
1 1 1 1 1 1 1 1 1 1 0 0 0 0 0 0 0 0 0 0 
1 1 1 1 1 1 1 1 1 1 0 0 0 0 0 0 0 0 0 0 
1 1 1 1 1 1 1 1 1 1 0 0 0 0 0 0 0 0 0 0 
1 1 1 1 1 1 1 1 1 1 0 0 0 0 0 0 0 0 0 0 
1 1 1 1 1 1 1 1 1 1 0 0 0 0 0 0 0 0 0 0 
1 1 1 1 1 1 1 1 1 1 0 0 0 0 0 0 0 0 0 0 
1 1 1 1 1 1 1 1 1 1 0 0 0 0 0 0 0 0 0 0 
1 1 1 1 1 1 1 1 1 1 0 0 0 0 0 0 0 0 0 0 
1 1 1 1 1 1 1 1 1 1 0 0 0 0 0 0 0 0 0 0 
0 0 0 0 0 0 0 0 0 0 0 0 0 0 0 0 0 0 0 0 
0 0 0 0 0 0 0 0 0 0 0 0 0 0 0 0 0 0 0 0 
0 0 0 0 0 0 0 0 0 0 0 0 0 0 0 0 0 0 0 0 
0 0 0 0 0 0 0 0 0 0 0 0 0 0 0 0 0 0 0 0 
0 0 0 0 0 0 0 0 0 0 0 0 0 0 0 0 0 0 0 0 
0 0 0 0 0 0 0 0 0 0 0 0 0 0 0 0 0 0 0 0 
0 0 0 0 0 0 0 0 0 0 0 0 0 0 0 0 0 0 0 0 
0 0 0 0 0 0 0 0 0 0 0 0 0 0 0 0 0 0 0 0 
0 0 0 0 0 0 0 0 0 0 0 0 0 0 0 0 0 0 0 0 
0 0 0 0 0 0 0 0 0 0 0 0 0 0 0 0 0 0 0 0 

71 48 -17 36 -31 101 0 -3 30 34 108 64 59 18 23 -41 127 76 -42 98 
-47 16 129 11 139 127 14 -3 -39 50 21 9 70 103 5 58 66 37 111 42 
-32 24 126 54 127 28 1 118 -9 65 -38 7 14 109 49 143 126 36 142 118 
122 128 -17 6 -17 142 -43 111 95 -7 143 51 21 132 44 70 132 37 -42 50 
1 121 -39 49 -1 40 -49 65 -37 34 3 -19 62 49 148 82 55 -45 -48 26 
-30 -33 -2 107 98 109 -40 63 64 101 83 -1 -48 118 74 72 82 143 -6 94 
101 56 123 93 -21 84 -28 105 17 -32 67 9 97 64 80 132 49 22 -47 148 
133 -13 144 147 34 -27 4 144 -11 149 118 -21 -38 7 83 142 26 79 41 137 
44 1 54 115 24 5 46 9 8 46 53 117 -39 -27 109 11 73 121 144 37 
47 18 -14 34 128 70 -29 71 111 25 69 15 19 -18 9 -26 -32 12 33 133 
-25 117 103 114 68 -23 149 -35 112 24 110 3 -6 48 64 18 141 22 -10 -23 
36 -44 -5 -5 76 103 -38 84 46 69 120 71 122 127 -19 141 53 98 48 16 
69 142 7 57 143 -2 6 8 -3 78 17 -43 149 120 -14 -39 -49 21 133 90 
148 20 50 112 105 -35 -4 92 -19 91 42 -2 131 80 134 74 7 146 66 129 
39 116 114 -48 -31 -12 38 71 11 143 -40 89 22 89 -26 114 41 -38 -14 77 
-4 -17 -5 34 90 85 3 8 85 -1 13 -15 40 5 65 106 98 1 115 101 
-16 27 51 87 47 18 133 -25 145 47 -21 143 140 137 57 0 104 -23 56 -5 
104 79 62 76 133 -19 13 148 71 16 51 117 -26 14 -11 83 45 -30 135 120 
54 143 62 -34 -23 110 15 92 -12 148 98 36 -43 150 127 60 5 138 34 95 
62 113 13 -14 147 24 36 100 -33 -2 125 15 -28 74 -2 131 95 145 36 25 
